-- Decompiler will be improved VERY SOON!
-- Decompiled with Konstant V2.1, a fast Luau decompiler made in Luau by plusgiant5 (https://discord.gg/brNTY8nX8t)
-- Decompiled on 2025-08-02 01:39:43
-- Luau version 6, Types version 3
-- Time taken: 0.138798 seconds

return {
	FOV = {40, 40, 40, 40, 40, 40, 40, 40, 40, 40, 40, 40, 40, 40, 40, 40, 40, 40, 40, 40, 40, 40, 40, 40, 40, 40, 40, 40, 40, 40, 40, 40, 40, 40, 40, 40, 40, 40, 40, 40, 40, 40, 40, 40, 40, 40, 40, 40, 40, 40, 40, 40, 40, 40, 40, 40, 40, 40, 40, 40, 40, 40, 40, 40, 40, 40, 40, 40, 40, 40, 40, 40, 40, 40, 40, 40, 40, 40, 40, 40, 40, 40, 40, 40, 40, 40, 40, 40, 40, 40, 40, 40, 40, 40, 40, 40, 40, 40, 40, 40, 40, 40, 40, 40, 40, 40, 40, 40, 40, 40, 40, 40, 40, 40, 40, 40, 40, 40, 40, 40, 40, 40, 40, 40, 40, 40, 40, 40, 40, 40, 40, 40, 40, 40, 40, 40, 40, 40, 40, 40, 40, 40, 40, 40, 40, 40, 40, 40, 40, 40, 40, 40, 40, 40, 40, 40, 40, 40, 40, 40, 40, 40, 40, 40, 40, 40, 40, 40, 40, 40, 40, 40, 40, 40, 40, 40, 40, 40, 40, 40, 40, 40, 40, 40, 40, 40, 40, 40, 40, 40, 40, 40, 40, 40, 40, 40, 40, 40, 40, 40, 40, 40, 40, 40, 40, 40, 40, 40, 40, 40, 40, 40, 40, 40, 40, 40, 40, 40, 40, 40, 40, 40, 40, 40, 40, 40, 40, 40, 40, 40, 40, 40, 40, 40, 40, 40, 40, 40, 40, 40, 40, 40, 40, 40, 40, 40, 40, 40, 40, 40, 40, 40, 40, 40, 40, 40, 40, 40, 40, 40, 40, 40, 40, 40, 40, 40, 40, 40, 40, 40, 40, 40, 40, 40, 40, 40, 40, 40, 40, 40, 40, 40, 40, 40, 40, 40, 40, 40, 40, 40, 40, 40, 40, 40, 40, 40, 40, 40, 40, 40, 40, 40, 40, 40, 40, 40, 40, 40, 40, 40, 40, 40, 40, 40, 40, 40, 40, 40, 40, 40, 40, 40, 40, 40, 40, 40, 40, 40, 40, 40, 40, 40, 40, 40, 40, 40, 40, 40, 40, 40, 40, 40, 40, 40, 40, 40, 40, 40, 40, 40, 40, 40, 40, 40, 40, 40, 40, 40, 40, 40, 40, 40, 40, 40, 40, 40, 40, 40, 40, 40, 40, 40, 40, 40, 40, 40, 40, 40, 40, 40, 40, 40, 40, 40, 40, 40, 40, 40, 40, 40, 40, 40, 40, 40, 40, 40, 40, 40, 40, 40, 40, 40, 40, 40, 40, 40, 40, 40, 40, 40, 40, 40, 40, 40, 40, 40, 40, 40, 40, 40, 40, 40, 40, 40, 40, 40, 40, 40, 40, 40, 40, 40, 40, 40, 40, 40, 40, 40, 40, 40, 40, 40, 40, 40, 40, 40, 40, 40, 40, 40, 40, 40, 40, 40, 40, 40, 40, 40, 40, 40, 40, 40, 40, 40, 40, 40, 40, 40, 40, 40, 40, 40, 40, 40, 40, 40, 40, 40, 40, 40, 40, 40, 40, 40, 40, 40, 40, 40, 40, 40, 40, 40, 40, 40, 40, 40, 40, 40, 40, 40, 40, 40, 40, 40, 40, 40, 40, 40, 40, 40, 40, 40, 40, 40, 40, 40, 40, 40, 40, 40, 40, 40, 40, 40, 40, 40, 40, 40, 40, 40, 40, 40, 40, 40, 40, 40, 40, 40, 40, 40, 40, 40, 40, 40, 40, 40, 40, 40, 40, 40, 40, 40, 40, 40, 40, 40, 40, 40, 40, 40, 40, 40, 40, 40, 40, 40, 40, 40, 40, 40, 40, 40, 40, 40, 40, 40, 40, 40, 40, 40, 40, 40, 40, 40, 40, 40, 40, 40, 40, 40, 40, 40, 40, 40, 40, 40, 40, 40, 40, 40, 40, 40, 40, 40, 40, 40, 40, 40, 40, 40, 40, 40, 40, 40, 40, 40, 40, 40, 40, 40, 40, 40, 40, 40, 40, 40, 40, 40, 40, 40, 40, 40, 40, 40, 40, 40, 40, 40, 40, 40, 40, 40, 40, 40, 40, 40, 40, 40, 40, 40, 40, 40, 40, 40, 40, 40, 40, 40, 40, 40, 40, 40, 40, 40, 40, 40, 40, 40, 40, 40, 40, 40, 40, 40, 40, 40, 40, 40, 40, 40, 40, 40, 40, 40, 40, 40, 40, 40, 40, 40, 40, 40, 40, 40, 40, 40, 40, 40, 40, 40, 40, 40, 40, 40, 40, 40, 40, 40, 40, 40, 40, 40, 40, 40, 40, 40, 40, 40, 40, 40, 40, 40, 40, 40, 40, 40, 40, 40, 40, 40, 40, 40, 40, 40, 40, 40, 40, 40, 40, 40, 40, 40, 40, 40, 40, 40, 40, 40, 40, 40, 40, 40, 40, 40, 40, 40, 40, 40, 40, 40, 40, 40, 40, 40, 40, 40, 40, 40, 40, 40, 40, 40, 40, 40, 40, 40, 40, 40, 40, 40, 40, 40, 40, 40, 40, 40, 40, 40, 40, 40, 40, 40, 40, 40, 40, 40, 40, 40, 40, 40, 40, 40, 40, 40, 40, 40, 40, 40, 40, 40, 40, 40, 40, 40, 40, 40, 40, 40, 40, 40, 40, 40, 40, 40, 40, 40, 40, 40, 40, 40, 40, 40, 40, 40, 40, 40, 40, 40, 40, 40, 40, 40, 40, 40, 40, 40, 40, 40, 40, 40, 40, 40, 40, 40, 40, 40, 40, 40, 40, 40, 40, 40, 40, 40, 40, 40, 40, 40, 40, 40, 40, 40, 40, 40, 40, 40, 40, 40, 40, 40, 40, 40, 40, 40, 40, 40, 40, 40, 40, 40, 40, 40, 40, 40, 40, 40, 40, 40, 40, 40, 40, 40, 40, 40, 40, 40, 40, 40, 40, 40, 40, 40, 40, 40, 40, 40, 40, 40, 40, 40, 40, 40, 40, 40, 40, 40, 40, 40, 40, 40, 40, 40, 40, 40, 40, 40, 40, 40, 40, 40, 40, 40, 40, 40, 40, 40, 40, 40, 40, 40, 40, 40, 40, 40, 40, 40, 40, 40, 40, 40, 40, 40, 40, 40, 40, 40, 40, 40, 40, 40, 40, 40, 40, 40, 40, 40, 40, 40, 40, 40, 40, 40, 40, 40, 40, 40, 40, 40, 40, 40, 40, 40, 40, 40, 40, 40, 40, 40, 40, 40, 40, 40, 40, 40, 40, 40, 40, 40, 40, 40, 40, 40, 40, 40, 40, 40, 40, 40, 40, 40, 40, 40, 40, 40, 40, 40, 40, 40, 40, 40, 40, 40, 40, 40, 40, 40, 40, 40, 40, 40, 40, 40, 40, 40, 40, 40, 40, 40, 40, 40, 40, 40, 40, 40, 40, 40, 40, 40, 40, 40, 40, 40, 40, 40, 40, 40, 40, 40, 40, 40, 40, 40, 40, 40, 40, 40};
	Frames = {CFrame.new(45.513, 65.666, -81.479, -0.936, -0.143, 0.322, 0.016, 0.895, 0.446, -0.352, 0.422, -0.835), CFrame.new(45.509, 65.668, -81.48, -0.936, -0.143, 0.322, 0.016, 0.895, 0.446, -0.352, 0.422, -0.835), CFrame.new(45.504, 65.669, -81.482, -0.936, -0.144, 0.322, 0.016, 0.895, 0.446, -0.352, 0.422, -0.835), CFrame.new(45.5, 65.671, -81.483, -0.936, -0.144, 0.322, 0.016, 0.895, 0.446, -0.353, 0.422, -0.835), CFrame.new(45.495, 65.672, -81.485, -0.936, -0.144, 0.322, 0.015, 0.895, 0.446, -0.353, 0.422, -0.835), CFrame.new(45.49, 65.674, -81.487, -0.936, -0.145, 0.322, 0.015, 0.895, 0.445, -0.353, 0.422, -0.835), CFrame.new(45.486, 65.676, -81.488, -0.936, -0.145, 0.322, 0.015, 0.895, 0.445, -0.353, 0.422, -0.835), CFrame.new(45.481, 65.677, -81.49, -0.935, -0.145, 0.322, 0.015, 0.895, 0.445, -0.353, 0.421, -0.835), CFrame.new(45.476, 65.679, -81.491, -0.935, -0.145, 0.322, 0.014, 0.895, 0.445, -0.353, 0.421, -0.835), CFrame.new(45.472, 65.68, -81.493, -0.935, -0.146, 0.322, 0.014, 0.895, 0.445, -0.353, 0.421, -0.835), CFrame.new(45.467, 65.682, -81.494, -0.935, -0.146, 0.322, 0.014, 0.895, 0.445, -0.354, 0.421, -0.835), CFrame.new(45.462, 65.684, -81.496, -0.935, -0.146, 0.322, 0.014, 0.895, 0.445, -0.354, 0.421, -0.835), CFrame.new(45.458, 65.685, -81.497, -0.935, -0.146, 0.322, 0.013, 0.895, 0.445, -0.354, 0.421, -0.835), CFrame.new(45.453, 65.687, -81.499, -0.935, -0.147, 0.322, 0.013, 0.895, 0.445, -0.354, 0.421, -0.835), CFrame.new(45.448, 65.688, -81.501, -0.935, -0.147, 0.322, 0.013, 0.895, 0.445, -0.354, 0.42, -0.835), CFrame.new(45.444, 65.69, -81.502, -0.935, -0.147, 0.323, 0.012, 0.895, 0.445, -0.354, 0.42, -0.835), CFrame.new(45.439, 65.692, -81.504, -0.935, -0.148, 0.323, 0.012, 0.895, 0.445, -0.354, 0.42, -0.835), CFrame.new(45.435, 65.693, -81.505, -0.935, -0.148, 0.323, 0.012, 0.895, 0.445, -0.355, 0.42, -0.835), CFrame.new(45.43, 65.695, -81.507, -0.935, -0.148, 0.323, 0.012, 0.895, 0.445, -0.355, 0.42, -0.835), CFrame.new(45.425, 65.696, -81.508, -0.935, -0.148, 0.323, 0.011, 0.895, 0.445, -0.355, 0.42, -0.835), CFrame.new(45.421, 65.698, -81.51, -0.935, -0.149, 0.323, 0.011, 0.895, 0.445, -0.355, 0.42, -0.835), CFrame.new(45.416, 65.7, -81.512, -0.935, -0.149, 0.323, 0.011, 0.896, 0.445, -0.355, 0.419, -0.835), CFrame.new(45.411, 65.701, -81.513, -0.935, -0.149, 0.323, 0.011, 0.896, 0.445, -0.355, 0.419, -0.835), CFrame.new(45.407, 65.703, -81.515, -0.935, -0.149, 0.323, 0.01, 0.896, 0.445, -0.356, 0.419, -0.835), CFrame.new(45.402, 65.705, -81.516, -0.935, -0.15, 0.323, 0.01, 0.896, 0.445, -0.356, 0.419, -0.835), CFrame.new(45.397, 65.706, -81.518, -0.934, -0.15, 0.323, 0.01, 0.896, 0.445, -0.356, 0.419, -0.835), CFrame.new(45.393, 65.708, -81.519, -0.934, -0.15, 0.323, 0.01, 0.896, 0.445, -0.356, 0.419, -0.835), CFrame.new(45.388, 65.709, -81.521, -0.934, -0.151, 0.323, 0.009, 0.896, 0.445, -0.356, 0.419, -0.835), CFrame.new(45.384, 65.711, -81.522, -0.934, -0.151, 0.323, 0.009, 0.896, 0.445, -0.356, 0.418, -0.835), CFrame.new(45.379, 65.713, -81.524, -0.934, -0.151, 0.323, 0.009, 0.896, 0.445, -0.356, 0.418, -0.835), CFrame.new(45.374, 65.714, -81.525, -0.934, -0.151, 0.323, 0.009, 0.896, 0.445, -0.357, 0.418, -0.835), CFrame.new(45.37, 65.716, -81.527, -0.934, -0.152, 0.323, 0.008, 0.896, 0.445, -0.357, 0.418, -0.835), CFrame.new(45.365, 65.717, -81.529, -0.934, -0.152, 0.323, 0.008, 0.896, 0.445, -0.357, 0.418, -0.836), CFrame.new(45.36, 65.719, -81.53, -0.934, -0.152, 0.323, 0.008, 0.896, 0.444, -0.357, 0.418, -0.836), CFrame.new(45.356, 65.721, -81.532, -0.934, -0.152, 0.323, 0.007, 0.896, 0.444, -0.357, 0.418, -0.836), CFrame.new(45.351, 65.722, -81.533, -0.934, -0.153, 0.323, 0.007, 0.896, 0.444, -0.357, 0.417, -0.836), CFrame.new(45.346, 65.724, -81.535, -0.934, -0.153, 0.323, 0.007, 0.896, 0.444, -0.357, 0.417, -0.836), CFrame.new(45.342, 65.725, -81.536, -0.934, -0.153, 0.323, 0.007, 0.896, 0.444, -0.358, 0.417, -0.836), CFrame.new(45.337, 65.727, -81.538, -0.934, -0.154, 0.323, 0.006, 0.896, 0.444, -0.358, 0.417, -0.836), CFrame.new(45.332, 65.729, -81.539, -0.934, -0.154, 0.323, 0.006, 0.896, 0.444, -0.358, 0.417, -0.836), CFrame.new(45.328, 65.73, -81.541, -0.934, -0.154, 0.323, 0.006, 0.896, 0.444, -0.358, 0.417, -0.836), CFrame.new(45.323, 65.732, -81.543, -0.934, -0.154, 0.323, 0.006, 0.896, 0.444, -0.358, 0.417, -0.836), CFrame.new(45.319, 65.733, -81.544, -0.934, -0.155, 0.323, 0.005, 0.896, 0.444, -0.358, 0.416, -0.836), CFrame.new(45.314, 65.735, -81.546, -0.933, -0.155, 0.323, 0.005, 0.896, 0.444, -0.359, 0.416, -0.836), CFrame.new(45.309, 65.737, -81.547, -0.933, -0.155, 0.323, 0.005, 0.896, 0.444, -0.359, 0.416, -0.836), CFrame.new(45.305, 65.738, -81.549, -0.933, -0.155, 0.323, 0.005, 0.896, 0.444, -0.359, 0.416, -0.836), CFrame.new(45.3, 65.74, -81.55, -0.933, -0.156, 0.323, 0.004, 0.896, 0.444, -0.359, 0.416, -0.836), CFrame.new(45.295, 65.742, -81.552, -0.933, -0.156, 0.323, 0.004, 0.896, 0.444, -0.359, 0.416, -0.836), CFrame.new(45.291, 65.743, -81.553, -0.933, -0.156, 0.324, 0.004, 0.896, 0.444, -0.359, 0.416, -0.836), CFrame.new(45.286, 65.745, -81.555, -0.933, -0.157, 0.324, 0.004, 0.896, 0.444, -0.359, 0.415, -0.836), CFrame.new(45.281, 65.746, -81.557, -0.933, -0.157, 0.324, 0.003, 0.896, 0.444, -0.36, 0.415, -0.836), CFrame.new(45.277, 65.748, -81.558, -0.933, -0.157, 0.324, 0.003, 0.896, 0.444, -0.36, 0.415, -0.836), CFrame.new(45.272, 65.75, -81.56, -0.933, -0.157, 0.324, 0.003, 0.896, 0.444, -0.36, 0.415, -0.836), CFrame.new(45.268, 65.751, -81.561, -0.933, -0.158, 0.324, 0.002, 0.896, 0.444, -0.36, 0.415, -0.836), CFrame.new(45.263, 65.753, -81.563, -0.933, -0.158, 0.324, 0.002, 0.896, 0.444, -0.36, 0.415, -0.836), CFrame.new(45.258, 65.754, -81.564, -0.933, -0.158, 0.324, 0.002, 0.896, 0.444, -0.36, 0.415, -0.836), CFrame.new(45.254, 65.756, -81.566, -0.933, -0.158, 0.324, 0.002, 0.896, 0.444, -0.36, 0.414, -0.836), CFrame.new(45.249, 65.758, -81.567, -0.933, -0.159, 0.324, 0.001, 0.896, 0.444, -0.361, 0.414, -0.836), CFrame.new(45.244, 65.759, -81.569, -0.933, -0.159, 0.324, 0.001, 0.896, 0.444, -0.361, 0.414, -0.836), CFrame.new(45.24, 65.761, -81.571, -0.933, -0.159, 0.324, 0.001, 0.896, 0.444, -0.361, 0.414, -0.836), CFrame.new(45.235, 65.762, -81.572, -0.933, -0.16, 0.324, 0.001, 0.896, 0.443, -0.361, 0.414, -0.836), CFrame.new(45.23, 65.764, -81.574, -0.932, -0.16, 0.324, 0, 0.896, 0.443, -0.361, 0.414, -0.836), CFrame.new(45.226, 65.766, -81.575, -0.932, -0.16, 0.324, 0, 0.896, 0.443, -0.361, 0.413, -0.836), CFrame.new(45.221, 65.767, -81.577, -0.932, -0.16, 0.324, -0, 0.896, 0.443, -0.362, 0.413, -0.836), CFrame.new(45.216, 65.769, -81.578, -0.932, -0.161, 0.324, -0, 0.896, 0.443, -0.362, 0.413, -0.836), CFrame.new(45.212, 65.77, -81.58, -0.932, -0.161, 0.324, -0.001, 0.896, 0.443, -0.362, 0.413, -0.836), CFrame.new(45.207, 65.772, -81.582, -0.932, -0.161, 0.324, -0.001, 0.896, 0.443, -0.362, 0.413, -0.836), CFrame.new(45.203, 65.774, -81.583, -0.932, -0.161, 0.324, -0.001, 0.896, 0.443, -0.362, 0.413, -0.836), CFrame.new(45.198, 65.775, -81.585, -0.932, -0.162, 0.324, -0.001, 0.896, 0.443, -0.362, 0.413, -0.836), CFrame.new(45.193, 65.777, -81.586, -0.932, -0.162, 0.324, -0.002, 0.896, 0.443, -0.362, 0.412, -0.836), CFrame.new(45.189, 65.779, -81.588, -0.932, -0.162, 0.324, -0.002, 0.896, 0.443, -0.363, 0.412, -0.836), CFrame.new(45.184, 65.78, -81.589, -0.932, -0.163, 0.324, -0.002, 0.896, 0.443, -0.363, 0.412, -0.836), CFrame.new(45.179, 65.782, -81.591, -0.932, -0.163, 0.324, -0.002, 0.896, 0.443, -0.363, 0.412, -0.836), CFrame.new(45.175, 65.783, -81.592, -0.932, -0.163, 0.324, -0.003, 0.897, 0.443, -0.363, 0.412, -0.836), CFrame.new(45.17, 65.785, -81.594, -0.932, -0.163, 0.324, -0.003, 0.897, 0.443, -0.363, 0.412, -0.836), CFrame.new(45.165, 65.787, -81.596, -0.932, -0.164, 0.324, -0.003, 0.897, 0.443, -0.363, 0.412, -0.836), CFrame.new(45.161, 65.788, -81.597, -0.932, -0.164, 0.324, -0.004, 0.897, 0.443, -0.363, 0.411, -0.836), CFrame.new(45.156, 65.79, -81.599, -0.932, -0.164, 0.324, -0.004, 0.897, 0.443, -0.364, 0.411, -0.836), CFrame.new(45.152, 65.791, -81.6, -0.931, -0.164, 0.324, -0.004, 0.897, 0.443, -0.364, 0.411, -0.836), CFrame.new(45.147, 65.793, -81.602, -0.931, -0.165, 0.324, -0.004, 0.897, 0.443, -0.364, 0.411, -0.836), CFrame.new(45.142, 65.795, -81.603, -0.931, -0.165, 0.325, -0.005, 0.897, 0.443, -0.364, 0.411, -0.836), CFrame.new(45.138, 65.796, -81.605, -0.931, -0.165, 0.325, -0.005, 0.897, 0.443, -0.364, 0.411, -0.836), CFrame.new(45.133, 65.798, -81.606, -0.931, -0.166, 0.325, -0.005, 0.897, 0.443, -0.364, 0.411, -0.836), CFrame.new(45.128, 65.799, -81.608, -0.931, -0.166, 0.325, -0.005, 0.897, 0.443, -0.364, 0.41, -0.836), CFrame.new(45.124, 65.801, -81.609, -0.931, -0.166, 0.325, -0.006, 0.897, 0.443, -0.365, 0.41, -0.836), CFrame.new(45.119, 65.803, -81.611, -0.931, -0.166, 0.325, -0.006, 0.897, 0.443, -0.365, 0.41, -0.836), CFrame.new(45.114, 65.804, -81.613, -0.931, -0.167, 0.325, -0.006, 0.897, 0.443, -0.365, 0.41, -0.836), CFrame.new(45.11, 65.806, -81.614, -0.931, -0.167, 0.325, -0.006, 0.897, 0.443, -0.365, 0.41, -0.836), CFrame.new(45.105, 65.807, -81.616, -0.931, -0.167, 0.325, -0.007, 0.897, 0.442, -0.365, 0.41, -0.836), CFrame.new(45.1, 65.809, -81.617, -0.931, -0.167, 0.325, -0.007, 0.897, 0.442, -0.365, 0.41, -0.836), CFrame.new(45.096, 65.811, -81.619, -0.931, -0.168, 0.325, -0.007, 0.897, 0.442, -0.366, 0.409, -0.836), CFrame.new(45.091, 65.812, -81.62, -0.931, -0.168, 0.325, -0.007, 0.897, 0.442, -0.366, 0.409, -0.836), CFrame.new(45.087, 65.814, -81.622, -0.931, -0.168, 0.325, -0.008, 0.897, 0.442, -0.366, 0.409, -0.836), CFrame.new(45.082, 65.816, -81.624, -0.931, -0.169, 0.325, -0.008, 0.897, 0.442, -0.366, 0.409, -0.836), CFrame.new(45.077, 65.817, -81.625, -0.931, -0.169, 0.325, -0.008, 0.897, 0.442, -0.366, 0.409, -0.836), CFrame.new(45.073, 65.819, -81.627, -0.93, -0.169, 0.325, -0.009, 0.897, 0.442, -0.366, 0.409, -0.836), CFrame.new(45.068, 65.82, -81.628, -0.93, -0.169, 0.325, -0.009, 0.897, 0.442, -0.366, 0.409, -0.836), CFrame.new(45.063, 65.822, -81.63, -0.93, -0.17, 0.325, -0.009, 0.897, 0.442, -0.367, 0.408, -0.836), CFrame.new(45.059, 65.824, -81.631, -0.93, -0.17, 0.325, -0.009, 0.897, 0.442, -0.367, 0.408, -0.836), CFrame.new(45.054, 65.825, -81.633, -0.93, -0.17, 0.325, -0.01, 0.897, 0.442, -0.367, 0.408, -0.836), CFrame.new(45.049, 65.827, -81.634, -0.93, -0.17, 0.325, -0.01, 0.897, 0.442, -0.367, 0.408, -0.836), CFrame.new(45.045, 65.828, -81.636, -0.93, -0.171, 0.325, -0.01, 0.897, 0.442, -0.367, 0.408, -0.836), CFrame.new(45.04, 65.83, -81.638, -0.93, -0.171, 0.325, -0.01, 0.897, 0.442, -0.367, 0.408, -0.836), CFrame.new(45.036, 65.832, -81.639, -0.93, -0.171, 0.325, -0.011, 0.897, 0.442, -0.367, 0.408, -0.836), CFrame.new(45.031, 65.833, -81.641, -0.93, -0.172, 0.325, -0.011, 0.897, 0.442, -0.368, 0.407, -0.836), CFrame.new(45.026, 65.835, -81.642, -0.93, -0.172, 0.325, -0.011, 0.897, 0.442, -0.368, 0.407, -0.836), CFrame.new(45.022, 65.836, -81.644, -0.93, -0.172, 0.325, -0.011, 0.897, 0.442, -0.368, 0.407, -0.836), CFrame.new(45.017, 65.838, -81.645, -0.93, -0.172, 0.325, -0.012, 0.897, 0.442, -0.368, 0.407, -0.836), CFrame.new(45.012, 65.84, -81.647, -0.93, -0.173, 0.325, -0.012, 0.897, 0.442, -0.368, 0.407, -0.836), CFrame.new(45.008, 65.841, -81.648, -0.93, -0.173, 0.325, -0.012, 0.897, 0.442, -0.368, 0.407, -0.836), CFrame.new(45.003, 65.843, -81.65, -0.93, -0.173, 0.325, -0.012, 0.897, 0.442, -0.368, 0.407, -0.836), CFrame.new(44.998, 65.844, -81.652, -0.929, -0.173, 0.326, -0.013, 0.897, 0.442, -0.369, 0.406, -0.836), CFrame.new(44.994, 65.846, -81.653, -0.929, -0.174, 0.326, -0.013, 0.897, 0.442, -0.369, 0.406, -0.836), CFrame.new(44.989, 65.848, -81.655, -0.929, -0.174, 0.326, -0.013, 0.897, 0.442, -0.369, 0.406, -0.836), CFrame.new(44.984, 65.849, -81.656, -0.929, -0.174, 0.326, -0.014, 0.897, 0.442, -0.369, 0.406, -0.836), CFrame.new(44.98, 65.851, -81.658, -0.929, -0.175, 0.326, -0.014, 0.897, 0.442, -0.369, 0.406, -0.836), CFrame.new(44.975, 65.853, -81.659, -0.929, -0.175, 0.326, -0.014, 0.897, 0.441, -0.369, 0.406, -0.836), CFrame.new(44.971, 65.854, -81.661, -0.929, -0.175, 0.326, -0.014, 0.897, 0.441, -0.369, 0.405, -0.836), CFrame.new(44.966, 65.856, -81.662, -0.929, -0.175, 0.326, -0.015, 0.897, 0.441, -0.37, 0.405, -0.836), CFrame.new(44.961, 65.857, -81.664, -0.929, -0.176, 0.326, -0.015, 0.897, 0.441, -0.37, 0.405, -0.836), CFrame.new(44.957, 65.859, -81.666, -0.929, -0.176, 0.326, -0.015, 0.897, 0.441, -0.37, 0.405, -0.836), CFrame.new(44.952, 65.861, -81.667, -0.929, -0.176, 0.326, -0.015, 0.897, 0.441, -0.37, 0.405, -0.836), CFrame.new(44.947, 65.862, -81.669, -0.929, -0.176, 0.326, -0.016, 0.897, 0.441, -0.37, 0.405, -0.836), CFrame.new(44.943, 65.864, -81.67, -0.929, -0.177, 0.326, -0.016, 0.897, 0.441, -0.37, 0.405, -0.836), CFrame.new(44.938, 65.865, -81.672, -0.929, -0.177, 0.326, -0.016, 0.897, 0.441, -0.371, 0.404, -0.836), CFrame.new(44.933, 65.867, -81.673, -0.929, -0.177, 0.326, -0.016, 0.897, 0.441, -0.371, 0.404, -0.836), CFrame.new(44.929, 65.869, -81.675, -0.929, -0.178, 0.326, -0.017, 0.897, 0.441, -0.371, 0.404, -0.836), CFrame.new(44.924, 65.87, -81.676, -0.928, -0.178, 0.326, -0.017, 0.897, 0.441, -0.371, 0.404, -0.836), CFrame.new(44.92, 65.872, -81.678, -0.928, -0.178, 0.326, -0.017, 0.897, 0.441, -0.371, 0.404, -0.836), CFrame.new(44.915, 65.873, -81.68, -0.928, -0.178, 0.326, -0.017, 0.897, 0.441, -0.371, 0.404, -0.836), CFrame.new(44.91, 65.875, -81.681, -0.928, -0.179, 0.326, -0.018, 0.897, 0.441, -0.371, 0.404, -0.836), CFrame.new(67.33, 15.267, -2.084, -0.063, 0.012, 0.998, 0.02, 1, -0.011, -0.998, 0.019, -0.064), CFrame.new(67.329, 15.269, -2.084, -0.063, 0.012, 0.998, 0.019, 1, -0.011, -0.998, 0.018, -0.063), CFrame.new(67.329, 15.27, -2.085, -0.063, 0.012, 0.998, 0.019, 1, -0.011, -0.998, 0.018, -0.063), CFrame.new(67.328, 15.271, -2.086, -0.063, 0.012, 0.998, 0.019, 1, -0.011, -0.998, 0.018, -0.063), CFrame.new(67.328, 15.272, -2.087, -0.063, 0.012, 0.998, 0.018, 1, -0.011, -0.998, 0.018, -0.063), CFrame.new(67.328, 15.273, -2.087, -0.063, 0.012, 0.998, 0.018, 1, -0.011, -0.998, 0.017, -0.063), CFrame.new(67.327, 15.274, -2.088, -0.063, 0.012, 0.998, 0.018, 1, -0.011, -0.998, 0.017, -0.063), CFrame.new(67.327, 15.274, -2.088, -0.062, 0.012, 0.998, 0.017, 1, -0.011, -0.998, 0.017, -0.063), CFrame.new(67.327, 15.275, -2.088, -0.062, 0.012, 0.998, 0.017, 1, -0.011, -0.998, 0.016, -0.063), CFrame.new(67.326, 15.276, -2.088, -0.062, 0.012, 0.998, 0.017, 1, -0.011, -0.998, 0.016, -0.062), CFrame.new(67.326, 15.277, -2.088, -0.062, 0.012, 0.998, 0.017, 1, -0.011, -0.998, 0.016, -0.062), CFrame.new(67.326, 15.278, -2.088, -0.062, 0.012, 0.998, 0.016, 1, -0.011, -0.998, 0.016, -0.062), CFrame.new(67.325, 15.278, -2.087, -0.062, 0.012, 0.998, 0.016, 1, -0.011, -0.998, 0.015, -0.062), CFrame.new(67.325, 15.279, -2.087, -0.062, 0.012, 0.998, 0.016, 1, -0.011, -0.998, 0.015, -0.062), CFrame.new(67.325, 15.28, -2.086, -0.062, 0.012, 0.998, 0.016, 1, -0.011, -0.998, 0.015, -0.062), CFrame.new(67.325, 15.28, -2.084, -0.062, 0.012, 0.998, 0.016, 1, -0.011, -0.998, 0.015, -0.062), CFrame.new(67.325, 15.28, -2.083, -0.062, 0.012, 0.998, 0.015, 1, -0.012, -0.998, 0.015, -0.062), CFrame.new(67.324, 15.281, -2.081, -0.062, 0.012, 0.998, 0.015, 1, -0.012, -0.998, 0.015, -0.062), CFrame.new(67.324, 15.281, -2.078, -0.062, 0.012, 0.998, 0.015, 1, -0.012, -0.998, 0.015, -0.062), CFrame.new(67.324, 15.281, -2.076, -0.062, 0.012, 0.998, 0.015, 1, -0.012, -0.998, 0.015, -0.062), CFrame.new(67.324, 15.281, -2.073, -0.062, 0.012, 0.998, 0.015, 1, -0.012, -0.998, 0.015, -0.062), CFrame.new(67.324, 15.281, -2.069, -0.062, 0.012, 0.998, 0.015, 1, -0.012, -0.998, 0.015, -0.062), CFrame.new(67.324, 15.281, -2.065, -0.062, 0.012, 0.998, 0.015, 1, -0.012, -0.998, 0.015, -0.062), CFrame.new(67.325, 15.281, -2.061, -0.062, 0.012, 0.998, 0.015, 1, -0.012, -0.998, 0.015, -0.062), CFrame.new(67.325, 15.28, -2.056, -0.062, 0.012, 0.998, 0.016, 1, -0.011, -0.998, 0.015, -0.062), CFrame.new(67.325, 15.28, -2.05, -0.062, 0.012, 0.998, 0.016, 1, -0.011, -0.998, 0.015, -0.062), CFrame.new(67.325, 15.279, -2.044, -0.062, 0.012, 0.998, 0.016, 1, -0.011, -0.998, 0.015, -0.062), CFrame.new(67.325, 15.279, -2.037, -0.062, 0.012, 0.998, 0.016, 1, -0.011, -0.998, 0.015, -0.062), CFrame.new(67.325, 15.278, -2.029, -0.062, 0.012, 0.998, 0.016, 1, -0.011, -0.998, 0.015, -0.062), CFrame.new(67.326, 15.277, -2.021, -0.062, 0.012, 0.998, 0.016, 1, -0.011, -0.998, 0.016, -0.062), CFrame.new(67.326, 15.277, -2.012, -0.062, 0.012, 0.998, 0.017, 1, -0.011, -0.998, 0.016, -0.062), CFrame.new(67.326, 15.276, -2.002, -0.062, 0.012, 0.998, 0.017, 1, -0.011, -0.998, 0.016, -0.062), CFrame.new(67.327, 15.275, -1.991, -0.062, 0.012, 0.998, 0.017, 1, -0.011, -0.998, 0.016, -0.063), CFrame.new(67.327, 15.275, -1.979, -0.062, 0.012, 0.998, 0.017, 1, -0.011, -0.998, 0.017, -0.063), CFrame.new(67.327, 15.274, -1.966, -0.063, 0.012, 0.998, 0.018, 1, -0.011, -0.998, 0.017, -0.063), CFrame.new(67.327, 15.273, -1.952, -0.063, 0.012, 0.998, 0.018, 1, -0.011, -0.998, 0.017, -0.063), CFrame.new(67.328, 15.272, -1.937, -0.063, 0.012, 0.998, 0.018, 1, -0.011, -0.998, 0.017, -0.063), CFrame.new(67.328, 15.272, -1.921, -0.063, 0.012, 0.998, 0.018, 1, -0.011, -0.998, 0.017, -0.063), CFrame.new(67.328, 15.271, -1.903, -0.063, 0.012, 0.998, 0.018, 1, -0.011, -0.998, 0.018, -0.063), CFrame.new(67.329, 15.27, -1.885, -0.063, 0.012, 0.998, 0.019, 1, -0.011, -0.998, 0.018, -0.063), CFrame.new(67.329, 15.27, -1.865, -0.063, 0.012, 0.998, 0.019, 1, -0.011, -0.998, 0.018, -0.063), CFrame.new(67.329, 15.269, -1.844, -0.063, 0.012, 0.998, 0.019, 1, -0.011, -0.998, 0.018, -0.063), CFrame.new(67.329, 15.269, -1.821, -0.063, 0.012, 0.998, 0.019, 1, -0.011, -0.998, 0.018, -0.063), CFrame.new(67.329, 15.268, -1.798, -0.063, 0.012, 0.998, 0.019, 1, -0.011, -0.998, 0.019, -0.064), CFrame.new(67.329, 15.268, -1.772, -0.063, 0.012, 0.998, 0.019, 1, -0.011, -0.998, 0.019, -0.064), CFrame.new(67.33, 15.268, -1.746, -0.063, 0.012, 0.998, 0.019, 1, -0.011, -0.998, 0.019, -0.064), CFrame.new(67.33, 15.268, -1.717, -0.063, 0.012, 0.998, 0.02, 1, -0.011, -0.998, 0.019, -0.064), CFrame.new(67.33, 15.267, -1.687, -0.063, 0.012, 0.998, 0.02, 1, -0.011, -0.998, 0.019, -0.064), CFrame.new(67.329, 15.268, -1.656, -0.063, 0.012, 0.998, 0.02, 1, -0.011, -0.998, 0.019, -0.064), CFrame.new(67.326, 15.268, -1.623, -0.063, 0.012, 0.998, 0.02, 1, -0.011, -0.998, 0.019, -0.064), CFrame.new(67.32, 15.268, -1.588, -0.063, 0.012, 0.998, 0.02, 1, -0.011, -0.998, 0.019, -0.064), CFrame.new(67.314, 15.269, -1.552, -0.063, 0.012, 0.998, 0.02, 1, -0.011, -0.998, 0.019, -0.064), CFrame.new(67.305, 15.27, -1.515, -0.063, 0.012, 0.998, 0.02, 1, -0.011, -0.998, 0.019, -0.064), CFrame.new(67.294, 15.271, -1.476, -0.063, 0.012, 0.998, 0.02, 1, -0.011, -0.998, 0.019, -0.064), CFrame.new(67.282, 15.272, -1.436, -0.063, 0.012, 0.998, 0.02, 1, -0.011, -0.998, 0.019, -0.064), CFrame.new(67.268, 15.273, -1.394, -0.063, 0.012, 0.998, 0.02, 1, -0.011, -0.998, 0.019, -0.064), CFrame.new(67.252, 15.274, -1.352, -0.063, 0.012, 0.998, 0.02, 1, -0.011, -0.998, 0.019, -0.064), CFrame.new(67.235, 15.276, -1.308, -0.063, 0.012, 0.998, 0.02, 1, -0.011, -0.998, 0.019, -0.064), CFrame.new(67.217, 15.278, -1.263, -0.063, 0.012, 0.998, 0.02, 1, -0.011, -0.998, 0.019, -0.064), CFrame.new(67.197, 15.28, -1.217, -0.063, 0.012, 0.998, 0.02, 1, -0.011, -0.998, 0.019, -0.064), CFrame.new(67.176, 15.281, -1.17, -0.063, 0.012, 0.998, 0.02, 1, -0.011, -0.998, 0.019, -0.064), CFrame.new(67.153, 15.283, -1.122, -0.063, 0.012, 0.998, 0.02, 1, -0.011, -0.998, 0.019, -0.064), CFrame.new(67.13, 15.286, -1.073, -0.063, 0.012, 0.998, 0.02, 1, -0.011, -0.998, 0.019, -0.064), CFrame.new(67.105, 15.288, -1.023, -0.063, 0.012, 0.998, 0.02, 1, -0.011, -0.998, 0.019, -0.064), CFrame.new(67.079, 15.29, -0.973, -0.063, 0.012, 0.998, 0.02, 1, -0.011, -0.998, 0.019, -0.064), CFrame.new(67.053, 15.293, -0.922, -0.063, 0.012, 0.998, 0.02, 1, -0.011, -0.998, 0.019, -0.064), CFrame.new(67.025, 15.295, -0.87, -0.063, 0.012, 0.998, 0.02, 1, -0.011, -0.998, 0.019, -0.064), CFrame.new(66.996, 15.298, -0.817, -0.063, 0.012, 0.998, 0.02, 1, -0.011, -0.998, 0.019, -0.064), CFrame.new(66.967, 15.3, -0.764, -0.063, 0.012, 0.998, 0.02, 1, -0.011, -0.998, 0.019, -0.064), CFrame.new(66.937, 15.303, -0.71, -0.063, 0.012, 0.998, 0.02, 1, -0.011, -0.998, 0.019, -0.064), CFrame.new(66.906, 15.306, -0.656, -0.063, 0.012, 0.998, 0.02, 1, -0.011, -0.998, 0.019, -0.064), CFrame.new(66.875, 15.309, -0.601, -0.063, 0.012, 0.998, 0.02, 1, -0.011, -0.998, 0.019, -0.064), CFrame.new(66.843, 15.312, -0.546, -0.063, 0.012, 0.998, 0.02, 1, -0.011, -0.998, 0.019, -0.064), CFrame.new(66.811, 15.315, -0.49, -0.063, 0.012, 0.998, 0.02, 1, -0.011, -0.998, 0.019, -0.064), CFrame.new(66.778, 15.317, -0.434, -0.063, 0.012, 0.998, 0.02, 1, -0.011, -0.998, 0.019, -0.064), CFrame.new(66.745, 15.32, -0.378, -0.063, 0.012, 0.998, 0.02, 1, -0.011, -0.998, 0.019, -0.064), CFrame.new(66.712, 15.324, -0.322, -0.063, 0.012, 0.998, 0.02, 1, -0.011, -0.998, 0.019, -0.064), CFrame.new(66.678, 15.327, -0.265, -0.063, 0.012, 0.998, 0.02, 1, -0.011, -0.998, 0.019, -0.064), CFrame.new(66.645, 15.33, -0.209, -0.063, 0.012, 0.998, 0.02, 1, -0.011, -0.998, 0.019, -0.064), CFrame.new(66.611, 15.333, -0.152, -0.063, 0.012, 0.998, 0.02, 1, -0.011, -0.998, 0.019, -0.064), CFrame.new(-61.513, 18.777, -1.535, -0.063, 0.012, 0.998, 0.02, 1, -0.011, -0.998, 0.019, -0.064), CFrame.new(-61.513, 18.777, -1.453, -0.063, 0.012, 0.998, 0.02, 1, -0.011, -0.998, 0.019, -0.064), CFrame.new(-61.513, 18.777, -1.372, -0.063, 0.012, 0.998, 0.02, 1, -0.011, -0.998, 0.019, -0.064), CFrame.new(-61.513, 18.777, -1.291, -0.063, 0.012, 0.998, 0.02, 1, -0.011, -0.998, 0.019, -0.064), CFrame.new(-61.513, 18.777, -1.21, -0.063, 0.012, 0.998, 0.02, 1, -0.011, -0.998, 0.019, -0.064), CFrame.new(-61.513, 18.777, -1.131, -0.063, 0.012, 0.998, 0.02, 1, -0.011, -0.998, 0.019, -0.064), CFrame.new(-61.513, 18.777, -1.052, -0.063, 0.012, 0.998, 0.02, 1, -0.011, -0.998, 0.019, -0.064), CFrame.new(-61.513, 18.777, -0.975, -0.063, 0.012, 0.998, 0.02, 1, -0.011, -0.998, 0.019, -0.064), CFrame.new(-61.513, 18.777, -0.9, -0.063, 0.012, 0.998, 0.02, 1, -0.011, -0.998, 0.019, -0.064), CFrame.new(-61.513, 18.777, -0.826, -0.063, 0.012, 0.998, 0.02, 1, -0.011, -0.998, 0.019, -0.064), CFrame.new(-61.513, 18.777, -0.754, -0.063, 0.012, 0.998, 0.02, 1, -0.011, -0.998, 0.019, -0.064), CFrame.new(-61.513, 18.777, -0.684, -0.063, 0.012, 0.998, 0.02, 1, -0.011, -0.998, 0.019, -0.064), CFrame.new(-61.513, 18.777, -0.616, -0.063, 0.012, 0.998, 0.02, 1, -0.011, -0.998, 0.019, -0.064), CFrame.new(-61.513, 18.777, -0.551, -0.063, 0.012, 0.998, 0.02, 1, -0.011, -0.998, 0.019, -0.064), CFrame.new(-61.513, 18.777, -0.489, -0.063, 0.012, 0.998, 0.02, 1, -0.011, -0.998, 0.019, -0.064), CFrame.new(-61.513, 18.777, -0.429, -0.063, 0.012, 0.998, 0.02, 1, -0.011, -0.998, 0.019, -0.064), CFrame.new(-61.513, 18.777, -0.373, -0.063, 0.012, 0.998, 0.02, 1, -0.011, -0.998, 0.019, -0.064), CFrame.new(-61.513, 18.777, -0.321, -0.063, 0.012, 0.998, 0.02, 1, -0.011, -0.998, 0.019, -0.064), CFrame.new(-61.513, 18.777, -0.272, -0.063, 0.012, 0.998, 0.02, 1, -0.011, -0.998, 0.019, -0.064), CFrame.new(-61.513, 18.777, -0.226, -0.063, 0.012, 0.998, 0.02, 1, -0.011, -0.998, 0.019, -0.064), CFrame.new(-61.513, 18.777, -0.185, -0.063, 0.012, 0.998, 0.02, 1, -0.011, -0.998, 0.019, -0.064), CFrame.new(-61.513, 18.777, -0.148, -0.063, 0.012, 0.998, 0.02, 1, -0.011, -0.998, 0.019, -0.064), CFrame.new(-61.513, 18.777, -0.116, -0.063, 0.012, 0.998, 0.02, 1, -0.011, -0.998, 0.019, -0.064), CFrame.new(-61.513, 18.777, -0.088, -0.063, 0.012, 0.998, 0.02, 1, -0.011, -0.998, 0.019, -0.064), CFrame.new(-61.513, 18.777, -0.065, -0.063, 0.012, 0.998, 0.02, 1, -0.011, -0.998, 0.019, -0.064), CFrame.new(-61.513, 18.777, -0.047, -0.063, 0.012, 0.998, 0.02, 1, -0.011, -0.998, 0.019, -0.064), CFrame.new(-61.513, 18.777, -0.035, -0.063, 0.012, 0.998, 0.02, 1, -0.011, -0.998, 0.019, -0.064), CFrame.new(-61.513, 18.777, -0.025, -0.063, 0.012, 0.998, 0.02, 1, -0.011, -0.998, 0.019, -0.064), CFrame.new(-61.513, 18.777, -0.016, -0.063, 0.012, 0.998, 0.02, 1, -0.011, -0.998, 0.019, -0.064), CFrame.new(-61.513, 18.777, -0.008, -0.063, 0.012, 0.998, 0.02, 1, -0.011, -0.998, 0.019, -0.064), CFrame.new(-61.513, 18.777, 0, -0.063, 0.012, 0.998, 0.02, 1, -0.011, -0.998, 0.019, -0.064), CFrame.new(-61.513, 18.777, 0.008, -0.063, 0.012, 0.998, 0.02, 1, -0.011, -0.998, 0.019, -0.064), CFrame.new(-61.513, 18.777, 0.015, -0.063, 0.012, 0.998, 0.02, 1, -0.011, -0.998, 0.019, -0.064), CFrame.new(-61.513, 18.777, 0.022, -0.063, 0.012, 0.998, 0.02, 1, -0.011, -0.998, 0.019, -0.064), CFrame.new(-61.513, 18.777, 0.028, -0.063, 0.012, 0.998, 0.02, 1, -0.011, -0.998, 0.019, -0.064), CFrame.new(-61.513, 18.777, 0.034, -0.064, 0.012, 0.998, 0.02, 1, -0.011, -0.998, 0.019, -0.064), CFrame.new(-61.513, 18.777, 0.04, -0.064, 0.012, 0.998, 0.02, 1, -0.01, -0.998, 0.019, -0.064), CFrame.new(-61.513, 18.777, 0.045, -0.064, 0.012, 0.998, 0.02, 1, -0.01, -0.998, 0.019, -0.064), CFrame.new(-61.513, 18.777, 0.05, -0.064, 0.011, 0.998, 0.02, 1, -0.01, -0.998, 0.02, -0.064), CFrame.new(-61.513, 18.777, 0.054, -0.064, 0.011, 0.998, 0.02, 1, -0.01, -0.998, 0.02, -0.064), CFrame.new(-61.513, 18.777, 0.058, -0.064, 0.011, 0.998, 0.02, 1, -0.01, -0.998, 0.02, -0.064), CFrame.new(-61.513, 18.777, 0.062, -0.064, 0.011, 0.998, 0.021, 1, -0.01, -0.998, 0.02, -0.064), CFrame.new(-61.513, 18.777, 0.066, -0.064, 0.011, 0.998, 0.021, 1, -0.01, -0.998, 0.02, -0.064), CFrame.new(-61.513, 18.777, 0.069, -0.064, 0.011, 0.998, 0.021, 1, -0.009, -0.998, 0.02, -0.064), CFrame.new(-61.513, 18.777, 0.072, -0.064, 0.01, 0.998, 0.021, 1, -0.009, -0.998, 0.02, -0.064), CFrame.new(-61.513, 18.777, 0.074, -0.064, 0.01, 0.998, 0.021, 1, -0.009, -0.998, 0.02, -0.064), CFrame.new(-61.513, 18.777, 0.077, -0.064, 0.01, 0.998, 0.021, 1, -0.009, -0.998, 0.021, -0.064), CFrame.new(-61.513, 18.777, 0.079, -0.064, 0.01, 0.998, 0.021, 1, -0.009, -0.998, 0.021, -0.064), CFrame.new(-61.513, 18.777, 0.081, -0.064, 0.01, 0.998, 0.022, 1, -0.008, -0.998, 0.021, -0.064), CFrame.new(-61.513, 18.777, 0.083, -0.064, 0.009, 0.998, 0.022, 1, -0.008, -0.998, 0.021, -0.064), CFrame.new(-61.513, 18.777, 0.084, -0.064, 0.009, 0.998, 0.022, 1, -0.008, -0.998, 0.021, -0.064), CFrame.new(-61.513, 18.777, 0.086, -0.064, 0.009, 0.998, 0.022, 1, -0.008, -0.998, 0.022, -0.064), CFrame.new(-61.513, 18.777, 0.087, -0.064, 0.009, 0.998, 0.022, 1, -0.007, -0.998, 0.022, -0.065), CFrame.new(-61.513, 18.777, 0.088, -0.064, 0.009, 0.998, 0.022, 1, -0.007, -0.998, 0.022, -0.065), CFrame.new(-61.513, 18.777, 0.089, -0.064, 0.008, 0.998, 0.023, 1, -0.007, -0.998, 0.022, -0.065), CFrame.new(-61.513, 18.777, 0.089, -0.065, 0.008, 0.998, 0.023, 1, -0.007, -0.998, 0.022, -0.065), CFrame.new(-61.513, 18.777, 0.09, -0.065, 0.008, 0.998, 0.023, 1, -0.006, -0.998, 0.022, -0.065), CFrame.new(-61.513, 18.777, 0.09, -0.065, 0.008, 0.998, 0.023, 1, -0.006, -0.998, 0.023, -0.065), CFrame.new(-61.513, 18.777, 0.091, -0.065, 0.007, 0.998, 0.023, 1, -0.006, -0.998, 0.023, -0.065), CFrame.new(-61.513, 18.777, 0.091, -0.065, 0.007, 0.998, 0.024, 1, -0.006, -0.998, 0.023, -0.065), CFrame.new(-61.513, 18.777, 0.091, -0.065, 0.007, 0.998, 0.024, 1, -0.005, -0.998, 0.023, -0.065), CFrame.new(-61.513, 18.777, 0.091, -0.065, 0.006, 0.998, 0.024, 1, -0.005, -0.998, 0.024, -0.065), CFrame.new(-61.513, 18.777, 0.091, -0.065, 0.006, 0.998, 0.024, 1, -0.005, -0.998, 0.024, -0.065), CFrame.new(-61.513, 18.777, 0.092, -0.065, 0.006, 0.998, 0.024, 1, -0.004, -0.998, 0.024, -0.065), CFrame.new(-61.513, 18.777, 0.092, -0.065, 0.006, 0.998, 0.024, 1, -0.004, -0.998, 0.024, -0.065), CFrame.new(-61.513, 18.777, 0.092, -0.065, 0.005, 0.998, 0.025, 1, -0.004, -0.998, 0.024, -0.065), CFrame.new(62.864, 15.063, -1.934, -0.847, -0.012, -0.532, 0.071, 0.988, -0.135, 0.527, -0.152, -0.836), CFrame.new(62.864, 15.062, -1.943, -0.847, -0.012, -0.532, 0.072, 0.988, -0.136, 0.527, -0.154, -0.836), CFrame.new(62.864, 15.061, -1.952, -0.847, -0.013, -0.532, 0.072, 0.988, -0.138, 0.527, -0.155, -0.835), CFrame.new(62.864, 15.06, -1.96, -0.847, -0.013, -0.532, 0.072, 0.988, -0.14, 0.527, -0.157, -0.835), CFrame.new(62.864, 15.059, -1.968, -0.847, -0.014, -0.532, 0.072, 0.987, -0.141, 0.527, -0.158, -0.835), CFrame.new(62.865, 15.058, -1.975, -0.847, -0.015, -0.532, 0.072, 0.987, -0.143, 0.527, -0.159, -0.835), CFrame.new(62.865, 15.057, -1.981, -0.847, -0.016, -0.532, 0.072, 0.987, -0.144, 0.527, -0.16, -0.835), CFrame.new(62.865, 15.056, -1.987, -0.847, -0.017, -0.532, 0.072, 0.987, -0.146, 0.527, -0.161, -0.834), CFrame.new(62.865, 15.055, -1.993, -0.847, -0.018, -0.531, 0.071, 0.987, -0.147, 0.527, -0.162, -0.834), CFrame.new(62.865, 15.054, -1.998, -0.847, -0.019, -0.531, 0.071, 0.986, -0.148, 0.527, -0.163, -0.834), CFrame.new(62.866, 15.053, -2.003, -0.847, -0.02, -0.531, 0.07, 0.986, -0.149, 0.527, -0.164, -0.834), CFrame.new(62.866, 15.053, -2.008, -0.847, -0.021, -0.531, 0.069, 0.986, -0.151, 0.527, -0.164, -0.834), CFrame.new(62.866, 15.052, -2.012, -0.847, -0.023, -0.531, 0.069, 0.986, -0.152, 0.527, -0.165, -0.834), CFrame.new(62.866, 15.052, -2.016, -0.847, -0.024, -0.531, 0.068, 0.986, -0.153, 0.527, -0.165, -0.834), CFrame.new(62.866, 15.051, -2.019, -0.847, -0.025, -0.531, 0.067, 0.986, -0.154, 0.527, -0.166, -0.834), CFrame.new(62.866, 15.051, -2.023, -0.847, -0.026, -0.53, 0.066, 0.986, -0.155, 0.527, -0.166, -0.834), CFrame.new(62.866, 15.05, -2.025, -0.847, -0.028, -0.53, 0.065, 0.986, -0.155, 0.527, -0.166, -0.833), CFrame.new(62.866, 15.05, -2.028, -0.847, -0.029, -0.53, 0.064, 0.986, -0.156, 0.527, -0.166, -0.833), CFrame.new(62.866, 15.049, -2.03, -0.848, -0.03, -0.53, 0.063, 0.986, -0.157, 0.527, -0.166, -0.833), CFrame.new(62.866, 15.049, -2.033, -0.848, -0.032, -0.53, 0.062, 0.986, -0.158, 0.527, -0.166, -0.833), CFrame.new(62.866, 15.049, -2.034, -0.848, -0.033, -0.529, 0.06, 0.985, -0.159, 0.527, -0.166, -0.833), CFrame.new(62.866, 15.049, -2.036, -0.848, -0.035, -0.529, 0.059, 0.985, -0.159, 0.527, -0.166, -0.833), CFrame.new(62.867, 15.048, -2.038, -0.848, -0.036, -0.529, 0.058, 0.985, -0.16, 0.527, -0.166, -0.833), CFrame.new(62.867, 15.048, -2.039, -0.848, -0.037, -0.529, 0.057, 0.985, -0.161, 0.527, -0.166, -0.834), CFrame.new(62.867, 15.048, -2.04, -0.848, -0.039, -0.528, 0.055, 0.985, -0.161, 0.527, -0.166, -0.834), CFrame.new(62.867, 15.048, -2.041, -0.848, -0.04, -0.528, 0.054, 0.985, -0.162, 0.527, -0.166, -0.834), CFrame.new(62.867, 15.048, -2.042, -0.848, -0.042, -0.528, 0.053, 0.985, -0.162, 0.527, -0.166, -0.834), CFrame.new(62.867, 15.048, -2.042, -0.849, -0.043, -0.527, 0.051, 0.985, -0.163, 0.527, -0.165, -0.834), CFrame.new(62.867, 15.048, -2.043, -0.849, -0.044, -0.527, 0.05, 0.985, -0.163, 0.526, -0.165, -0.834), CFrame.new(62.867, 15.047, -2.044, -0.849, -0.045, -0.527, 0.049, 0.985, -0.164, 0.526, -0.165, -0.834), CFrame.new(62.867, 15.047, -2.044, -0.849, -0.047, -0.526, 0.048, 0.985, -0.164, 0.526, -0.165, -0.834), CFrame.new(62.867, 15.047, -2.044, -0.849, -0.048, -0.526, 0.046, 0.985, -0.165, 0.526, -0.164, -0.834), CFrame.new(62.867, 15.047, -2.045, -0.849, -0.049, -0.525, 0.045, 0.985, -0.165, 0.526, -0.164, -0.835), CFrame.new(62.867, 15.047, -2.045, -0.85, -0.05, -0.525, 0.044, 0.985, -0.166, 0.526, -0.164, -0.835), CFrame.new(62.867, 15.047, -2.046, -0.85, -0.052, -0.525, 0.043, 0.985, -0.166, 0.525, -0.164, -0.835), CFrame.new(62.867, 15.047, -2.046, -0.85, -0.053, -0.524, 0.042, 0.985, -0.167, 0.525, -0.164, -0.835), CFrame.new(62.867, 15.047, -2.046, -0.85, -0.054, -0.524, 0.041, 0.985, -0.167, 0.525, -0.164, -0.835), CFrame.new(62.867, 15.047, -2.047, -0.851, -0.055, -0.523, 0.04, 0.985, -0.168, 0.524, -0.163, -0.836), CFrame.new(62.867, 15.047, -2.047, -0.851, -0.056, -0.522, 0.039, 0.985, -0.168, 0.524, -0.163, -0.836), CFrame.new(62.866, 15.047, -2.048, -0.851, -0.056, -0.522, 0.038, 0.985, -0.169, 0.523, -0.163, -0.836), CFrame.new(62.866, 15.047, -2.048, -0.852, -0.057, -0.521, 0.037, 0.985, -0.169, 0.523, -0.163, -0.837), CFrame.new(62.866, 15.047, -2.049, -0.852, -0.058, -0.52, 0.036, 0.985, -0.169, 0.522, -0.163, -0.837), CFrame.new(62.866, 15.047, -2.05, -0.853, -0.059, -0.519, 0.036, 0.985, -0.17, 0.521, -0.163, -0.838), CFrame.new(62.866, 15.047, -2.05, -0.853, -0.059, -0.518, 0.035, 0.985, -0.17, 0.52, -0.164, -0.838), CFrame.new(62.865, 15.047, -2.051, -0.854, -0.06, -0.517, 0.034, 0.985, -0.171, 0.519, -0.164, -0.839), CFrame.new(62.865, 15.047, -2.052, -0.854, -0.06, -0.516, 0.034, 0.985, -0.171, 0.519, -0.164, -0.839), CFrame.new(62.864, 15.047, -2.053, -0.855, -0.061, -0.515, 0.033, 0.985, -0.172, 0.518, -0.164, -0.84), CFrame.new(62.864, 15.047, -2.053, -0.856, -0.061, -0.514, 0.033, 0.985, -0.172, 0.517, -0.164, -0.84), CFrame.new(62.863, 15.047, -2.054, -0.856, -0.062, -0.513, 0.032, 0.984, -0.173, 0.515, -0.164, -0.841), CFrame.new(62.863, 15.047, -2.055, -0.857, -0.062, -0.512, 0.032, 0.984, -0.173, 0.514, -0.165, -0.842), CFrame.new(62.862, 15.047, -2.056, -0.858, -0.063, -0.51, 0.031, 0.984, -0.174, 0.513, -0.165, -0.842), CFrame.new(62.862, 15.047, -2.057, -0.858, -0.063, -0.509, 0.031, 0.984, -0.174, 0.512, -0.165, -0.843), CFrame.new(62.861, 15.047, -2.058, -0.859, -0.063, -0.508, 0.031, 0.984, -0.175, 0.511, -0.166, -0.843), CFrame.new(62.861, 15.047, -2.059, -0.86, -0.064, -0.507, 0.031, 0.984, -0.175, 0.51, -0.166, -0.844), CFrame.new(62.86, 15.047, -2.06, -0.86, -0.064, -0.506, 0.03, 0.984, -0.176, 0.509, -0.167, -0.844), CFrame.new(62.859, 15.047, -2.06, -0.861, -0.064, -0.505, 0.03, 0.984, -0.176, 0.508, -0.167, -0.845), CFrame.new(62.859, 15.047, -2.061, -0.861, -0.064, -0.504, 0.03, 0.984, -0.177, 0.507, -0.167, -0.846), CFrame.new(62.858, 15.047, -2.062, -0.862, -0.065, -0.503, 0.03, 0.984, -0.177, 0.506, -0.168, -0.846), CFrame.new(62.857, 15.047, -2.063, -0.863, -0.065, -0.502, 0.03, 0.984, -0.178, 0.505, -0.168, -0.846), CFrame.new(62.857, 15.047, -2.064, -0.863, -0.065, -0.501, 0.03, 0.983, -0.179, 0.504, -0.169, -0.847), CFrame.new(62.856, 15.047, -2.065, -0.864, -0.065, -0.5, 0.03, 0.983, -0.179, 0.503, -0.17, -0.847), CFrame.new(62.855, 15.047, -2.066, -0.864, -0.065, -0.499, 0.03, 0.983, -0.18, 0.503, -0.17, -0.848), CFrame.new(62.855, 15.047, -2.067, -0.864, -0.065, -0.499, 0.03, 0.983, -0.18, 0.502, -0.171, -0.848), CFrame.new(62.854, 15.047, -2.068, -0.865, -0.066, -0.498, 0.03, 0.983, -0.181, 0.501, -0.171, -0.848), CFrame.new(62.853, 15.047, -2.069, -0.865, -0.066, -0.497, 0.03, 0.983, -0.182, 0.501, -0.172, -0.848), CFrame.new(62.853, 15.047, -2.069, -0.865, -0.066, -0.497, 0.03, 0.983, -0.182, 0.5, -0.173, -0.848), CFrame.new(62.852, 15.047, -2.07, -0.865, -0.066, -0.497, 0.03, 0.983, -0.183, 0.5, -0.173, -0.848), CFrame.new(62.851, 15.047, -2.071, -0.866, -0.066, -0.496, 0.03, 0.983, -0.184, 0.5, -0.174, -0.848), CFrame.new(62.851, 15.047, -2.072, -0.866, -0.066, -0.496, 0.03, 0.982, -0.184, 0.5, -0.175, -0.848), CFrame.new(62.85, 15.046, -2.072, -0.866, -0.066, -0.496, 0.031, 0.982, -0.185, 0.5, -0.175, -0.848), CFrame.new(62.849, 15.043, -2.073, -0.865, -0.065, -0.497, 0.032, 0.982, -0.185, 0.5, -0.176, -0.848), CFrame.new(62.849, 15.039, -2.074, -0.865, -0.064, -0.497, 0.034, 0.982, -0.186, 0.5, -0.178, -0.847), CFram