-- Decompiler will be improved VERY SOON!
-- Decompiled with Konstant V2.1, a fast Luau decompiler made in Luau by plusgiant5 (https://discord.gg/brNTY8nX8t)
-- Decompiled on 2025-08-02 01:37:36
-- Luau version 6, Types version 3
-- Time taken: 0.058975 seconds

return {
	FOV = {20, 20, 20, 20, 20, 20, 20, 20, 20, 20, 20, 20, 20, 20, 20, 20, 20, 20, 20, 20, 20, 20, 20, 20, 20, 20, 20, 20, 20, 20, 20, 20, 20, 20, 20, 20, 20, 20, 20, 20, 20, 20, 20, 20, 20, 20, 20, 20, 20, 20, 20, 20, 20, 20, 20, 20, 20, 20, 20, 20, 20, 20, 20, 20, 20, 20, 20, 20, 20, 20, 20, 20, 20, 20, 20, 20, 20, 20, 20, 20, 20, 20, 20, 20, 20, 20, 20, 20, 20, 20, 20, 20, 20, 20, 20, 20, 20, 20, 20, 20, 20, 20, 20, 20, 20, 20, 20, 20, 20, 20, 20, 20, 20, 20, 20, 20, 20, 20, 20, 20, 20, 20, 20, 20, 20, 20, 20, 20, 20, 20, 20, 20, 20, 20, 20, 20, 20, 20, 20, 20, 20, 20, 20, 20, 20, 20, 20, 20, 20, 20, 20, 20, 20, 20, 20, 20, 20, 20, 20, 20, 20, 20, 20, 20, 20, 20, 20, 20, 20, 20, 20, 20, 20, 20, 20, 20, 20, 20, 20, 20, 20, 20, 20, 20, 20, 20, 20, 20, 20, 20, 20, 20, 20, 20, 20, 20, 20, 20, 20, 20, 20, 20, 20, 20, 20, 20, 20, 20, 20, 20, 20, 20, 20, 20, 20, 20, 20, 20, 20, 20, 20, 20, 20, 20, 20, 20, 20, 20, 20, 20, 20, 20, 20, 20, 20, 20, 20, 20, 20, 20, 20, 20, 20, 20, 20, 20, 20, 20, 20, 20, 20, 20, 20, 20, 20, 20, 20, 20, 20, 20, 20, 20, 20, 20, 20, 20, 20, 20, 20, 20, 20, 20, 20, 20, 20, 20, 20, 20, 20, 20, 20, 20, 20, 20, 20, 20, 20, 20, 20, 20, 20, 20, 20, 20, 20, 20, 20, 20, 20, 20, 20, 20, 20, 20, 20, 20, 20, 20, 20, 20, 20, 20, 20, 20, 20, 20, 20, 20, 20, 20, 20, 20, 20, 20, 20, 20, 20, 20, 20, 20, 20, 20, 20, 20, 20, 20, 20, 20, 20, 20, 20, 20, 20, 20, 20, 20, 20, 20, 20, 20, 20, 20, 20, 20, 20, 20, 20, 20, 20, 20, 20, 20, 20, 20, 20, 20, 20, 20, 20, 20, 20, 20, 20, 20, 20, 20, 20, 20, 20, 20, 20, 20, 20, 20, 20, 20, 20, 20, 20, 20, 20, 20, 20, 20, 20, 20, 20, 20, 20, 20, 20, 20, 20, 20, 20, 20, 20, 20, 20, 20, 20, 20, 20, 20, 20, 20, 20, 20, 20, 20, 20, 20, 20, 20, 20, 20, 20, 20, 20, 20, 20, 20, 20, 20, 20, 20, 20, 20, 20, 20, 20, 20, 20, 20, 20, 20, 20, 20, 20, 20, 20, 20, 20, 20, 20, 20, 20, 20, 20, 20, 20, 20, 20, 20, 20, 20, 20, 20, 20, 20, 20, 20, 20, 20, 20, 20, 20, 20, 20, 20, 20, 20, 20, 20, 20, 20, 20, 20, 20, 20, 20, 20, 20, 20, 20, 20, 20, 20, 20, 20, 20, 20, 20, 20, 20, 20, 20, 20, 20, 20, 20, 20, 20, 20, 20, 20, 20, 20, 20, 20, 20, 20, 20, 20, 20, 20, 20, 20, 20, 20, 20, 20, 20, 20, 20, 20, 20, 20, 20, 20, 20, 20, 20, 20, 20, 20, 20, 20, 20, 20, 20, 20, 20, 20, 20, 20, 20, 20, 20, 20, 20, 20, 20, 20, 20, 20, 20, 20, 20, 20, 20, 20, 20, 20, 20, 20, 20, 20, 20, 20, 20, 20, 20, 20, 20, 20, 20, 20, 20, 20, 20, 20, 20, 20, 20, 20, 20, 20, 20, 20, 20, 20, 20, 20, 20, 20, 20, 20, 20, 20, 20, 20, 20, 20, 20, 20, 20, 20, 20, 20, 20, 20, 20, 20, 20, 20, 20, 20, 20, 20, 20, 20, 20, 20, 20, 20, 20, 20, 20, 20, 20, 20, 20, 20, 20, 20, 20, 20, 20, 20, 20, 20, 20, 20, 20, 20, 20, 20, 20, 20, 20, 20, 20, 20, 20, 20, 20, 20, 20, 20, 20, 20, 20, 20, 20, 20, 20, 20, 20, 20, 20, 20, 20, 20, 20, 20, 20, 20, 20, 20, 20, 20, 20, 20, 20, 20, 20, 20, 20, 20, 20, 20, 20, 20, 20, 20, 20, 20, 20, 20, 20, 20, 20, 20, 20, 20, 20, 20, 20, 20, 20, 20, 20, 20, 20, 20, 20, 20, 20, 20, 20, 20, 20, 20, 20, 20, 20, 20, 20, 20, 20, 20, 20, 20, 20, 20, 20, 20, 20, 20, 20, 20, 20, 20, 20, 20, 20, 20, 20, 20, 20, 20, 20, 20, 20, 20, 20, 20, 20, 20, 20, 20, 20, 20, 20, 20, 20, 20, 20};
	Frames = {CFrame.new(49.387, 31.806, 7.03, 0.196, -0.533, 0.823, 0.066, 0.845, 0.531, -0.978, -0.05, 0.201), CFrame.new(49.386, 31.804, 7.045, 0.196, -0.533, 0.823, 0.066, 0.845, 0.531, -0.978, -0.05, 0.201), CFrame.new(49.385, 31.801, 7.06, 0.196, -0.533, 0.823, 0.066, 0.845, 0.531, -0.978, -0.05, 0.201), CFrame.new(49.384, 31.798, 7.075, 0.197, -0.533, 0.823, 0.066, 0.845, 0.531, -0.978, -0.05, 0.201), CFrame.new(49.384, 31.795, 7.09, 0.197, -0.533, 0.823, 0.066, 0.845, 0.531, -0.978, -0.05, 0.201), CFrame.new(49.383, 31.792, 7.104, 0.197, -0.533, 0.823, 0.066, 0.845, 0.531, -0.978, -0.05, 0.201), CFrame.new(49.382, 31.789, 7.119, 0.197, -0.533, 0.823, 0.066, 0.845, 0.531, -0.978, -0.05, 0.201), CFrame.new(49.381, 31.786, 7.134, 0.197, -0.533, 0.823, 0.066, 0.845, 0.531, -0.978, -0.05, 0.201), CFrame.new(49.38, 31.783, 7.149, 0.197, -0.533, 0.823, 0.066, 0.845, 0.531, -0.978, -0.05, 0.201), CFrame.new(49.38, 31.78, 7.163, 0.197, -0.533, 0.823, 0.066, 0.845, 0.531, -0.978, -0.05, 0.202), CFrame.new(49.379, 31.777, 7.178, 0.197, -0.533, 0.823, 0.066, 0.845, 0.531, -0.978, -0.05, 0.202), CFrame.new(49.378, 31.774, 7.193, 0.197, -0.533, 0.823, 0.066, 0.845, 0.531, -0.978, -0.05, 0.202), CFrame.new(49.377, 31.771, 7.208, 0.197, -0.533, 0.823, 0.066, 0.845, 0.531, -0.978, -0.05, 0.202), CFrame.new(49.377, 31.768, 7.223, 0.197, -0.533, 0.823, 0.066, 0.845, 0.531, -0.978, -0.05, 0.202), CFrame.new(49.376, 31.766, 7.237, 0.197, -0.533, 0.823, 0.066, 0.845, 0.531, -0.978, -0.051, 0.202), CFrame.new(49.375, 31.763, 7.252, 0.197, -0.533, 0.823, 0.066, 0.845, 0.531, -0.978, -0.051, 0.202), CFrame.new(49.374, 31.76, 7.267, 0.197, -0.533, 0.823, 0.066, 0.845, 0.531, -0.978, -0.051, 0.202), CFrame.new(49.374, 31.757, 7.282, 0.197, -0.533, 0.823, 0.066, 0.845, 0.531, -0.978, -0.051, 0.202), CFrame.new(49.373, 31.754, 7.297, 0.198, -0.533, 0.823, 0.066, 0.845, 0.531, -0.978, -0.051, 0.202), CFrame.new(49.372, 31.751, 7.311, 0.198, -0.533, 0.823, 0.066, 0.845, 0.531, -0.978, -0.051, 0.202), CFrame.new(49.371, 31.748, 7.326, 0.198, -0.533, 0.823, 0.066, 0.845, 0.531, -0.978, -0.051, 0.202), CFrame.new(49.371, 31.745, 7.341, 0.198, -0.533, 0.823, 0.066, 0.845, 0.531, -0.978, -0.051, 0.202), CFrame.new(49.37, 31.742, 7.356, 0.198, -0.533, 0.823, 0.066, 0.845, 0.531, -0.978, -0.051, 0.202), CFrame.new(49.369, 31.739, 7.37, 0.198, -0.533, 0.823, 0.066, 0.845, 0.531, -0.978, -0.051, 0.202), CFrame.new(49.368, 31.736, 7.385, 0.198, -0.533, 0.823, 0.066, 0.845, 0.531, -0.978, -0.051, 0.202), CFrame.new(49.367, 31.733, 7.4, 0.198, -0.533, 0.823, 0.066, 0.845, 0.531, -0.978, -0.051, 0.202), CFrame.new(49.367, 31.73, 7.415, 0.198, -0.533, 0.823, 0.066, 0.845, 0.531, -0.978, -0.051, 0.202), CFrame.new(49.366, 31.727, 7.43, 0.198, -0.533, 0.823, 0.066, 0.845, 0.531, -0.978, -0.051, 0.203), CFrame.new(49.365, 31.725, 7.444, 0.198, -0.533, 0.823, 0.066, 0.845, 0.531, -0.978, -0.051, 0.203), CFrame.new(49.364, 31.722, 7.459, 0.198, -0.533, 0.823, 0.066, 0.845, 0.531, -0.978, -0.051, 0.203), CFrame.new(49.364, 31.719, 7.474, 0.198, -0.533, 0.823, 0.066, 0.845, 0.531, -0.978, -0.051, 0.203), CFrame.new(49.363, 31.716, 7.489, 0.198, -0.533, 0.823, 0.066, 0.845, 0.531, -0.978, -0.051, 0.203), CFrame.new(49.362, 31.713, 7.503, 0.199, -0.533, 0.823, 0.066, 0.845, 0.531, -0.978, -0.051, 0.203), CFrame.new(49.361, 31.71, 7.518, 0.199, -0.533, 0.823, 0.066, 0.845, 0.531, -0.978, -0.051, 0.203), CFrame.new(49.361, 31.707, 7.533, 0.199, -0.533, 0.822, 0.066, 0.845, 0.531, -0.978, -0.051, 0.203), CFrame.new(49.36, 31.704, 7.548, 0.199, -0.533, 0.822, 0.066, 0.845, 0.531, -0.978, -0.051, 0.203), CFrame.new(49.359, 31.701, 7.563, 0.199, -0.533, 0.822, 0.066, 0.845, 0.531, -0.978, -0.051, 0.203), CFrame.new(49.358, 31.698, 7.577, 0.199, -0.533, 0.822, 0.066, 0.845, 0.531, -0.978, -0.051, 0.203), CFrame.new(49.357, 31.695, 7.592, 0.199, -0.533, 0.822, 0.066, 0.845, 0.531, -0.978, -0.051, 0.203), CFrame.new(49.357, 31.692, 7.607, 0.199, -0.533, 0.822, 0.066, 0.845, 0.531, -0.978, -0.051, 0.203), CFrame.new(49.356, 31.689, 7.622, 0.199, -0.533, 0.822, 0.066, 0.845, 0.531, -0.978, -0.052, 0.203), CFrame.new(49.355, 31.687, 7.637, 0.199, -0.533, 0.822, 0.066, 0.845, 0.531, -0.978, -0.052, 0.203), CFrame.new(49.354, 31.684, 7.651, 0.199, -0.533, 0.822, 0.066, 0.845, 0.531, -0.978, -0.052, 0.203), CFrame.new(49.354, 31.681, 7.666, 0.199, -0.533, 0.822, 0.066, 0.845, 0.531, -0.978, -0.052, 0.203), CFrame.new(49.353, 31.678, 7.681, 0.199, -0.533, 0.822, 0.066, 0.845, 0.531, -0.978, -0.052, 0.204), CFrame.new(49.352, 31.675, 7.696, 0.199, -0.533, 0.822, 0.066, 0.845, 0.531, -0.978, -0.052, 0.204), CFrame.new(49.351, 31.672, 7.71, 0.199, -0.533, 0.822, 0.066, 0.845, 0.531, -0.978, -0.052, 0.204), CFrame.new(49.351, 31.669, 7.725, 0.2, -0.533, 0.822, 0.066, 0.845, 0.531, -0.978, -0.052, 0.204), CFrame.new(49.35, 31.666, 7.74, 0.2, -0.533, 0.822, 0.066, 0.845, 0.531, -0.978, -0.052, 0.204), CFrame.new(49.349, 31.663, 7.755, 0.2, -0.533, 0.822, 0.066, 0.845, 0.531, -0.978, -0.052, 0.204), CFrame.new(49.348, 31.66, 7.77, 0.2, -0.533, 0.822, 0.066, 0.845, 0.531, -0.978, -0.052, 0.204), CFrame.new(49.347, 31.657, 7.784, 0.2, -0.533, 0.822, 0.066, 0.845, 0.531, -0.978, -0.052, 0.204), CFrame.new(49.347, 31.654, 7.799, 0.2, -0.533, 0.822, 0.066, 0.845, 0.531, -0.978, -0.052, 0.204), CFrame.new(49.346, 31.651, 7.814, 0.2, -0.533, 0.822, 0.066, 0.845, 0.531, -0.978, -0.052, 0.204), CFrame.new(49.345, 31.649, 7.829, 0.2, -0.533, 0.822, 0.066, 0.845, 0.531, -0.978, -0.052, 0.204), CFrame.new(49.344, 31.646, 7.844, 0.2, -0.533, 0.822, 0.066, 0.845, 0.531, -0.978, -0.052, 0.204), CFrame.new(49.344, 31.643, 7.858, 0.2, -0.533, 0.822, 0.066, 0.845, 0.531, -0.978, -0.052, 0.204), CFrame.new(49.343, 31.64, 7.873, 0.2, -0.533, 0.822, 0.066, 0.845, 0.531, -0.978, -0.052, 0.204), CFrame.new(49.342, 31.637, 7.888, 0.2, -0.533, 0.822, 0.066, 0.845, 0.531, -0.978, -0.052, 0.204), CFrame.new(49.341, 31.634, 7.903, 0.2, -0.533, 0.822, 0.066, 0.845, 0.531, -0.977, -0.052, 0.204), CFrame.new(49.341, 31.631, 7.917, 0.2, -0.533, 0.822, 0.066, 0.845, 0.531, -0.977, -0.052, 0.204), CFrame.new(49.34, 31.628, 7.932, 0.2, -0.533, 0.822, 0.066, 0.845, 0.531, -0.977, -0.052, 0.204), CFrame.new(49.339, 31.625, 7.947, 0.201, -0.533, 0.822, 0.066, 0.845, 0.531, -0.977, -0.052, 0.205), CFrame.new(49.338, 31.622, 7.962, 0.201, -0.533, 0.822, 0.066, 0.845, 0.531, -0.977, -0.052, 0.205), CFrame.new(49.337, 31.619, 7.977, 0.201, -0.533, 0.822, 0.066, 0.845, 0.531, -0.977, -0.052, 0.205), CFrame.new(49.337, 31.616, 7.991, 0.201, -0.533, 0.822, 0.066, 0.845, 0.531, -0.977, -0.052, 0.205), CFrame.new(49.336, 31.613, 8.006, 0.201, -0.533, 0.822, 0.066, 0.845, 0.531, -0.977, -0.052, 0.205), CFrame.new(49.335, 31.61, 8.021, 0.201, -0.533, 0.822, 0.066, 0.845, 0.531, -0.977, -0.053, 0.205), CFrame.new(49.334, 31.608, 8.036, 0.201, -0.533, 0.822, 0.066, 0.845, 0.531, -0.977, -0.053, 0.205), CFrame.new(49.334, 31.605, 8.051, 0.201, -0.533, 0.822, 0.066, 0.845, 0.531, -0.977, -0.053, 0.205), CFrame.new(49.333, 31.602, 8.065, 0.201, -0.533, 0.822, 0.066, 0.845, 0.531, -0.977, -0.053, 0.205), CFrame.new(49.332, 31.599, 8.08, 0.201, -0.533, 0.822, 0.066, 0.845, 0.531, -0.977, -0.053, 0.205), CFrame.new(49.331, 31.596, 8.095, 0.201, -0.533, 0.822, 0.066, 0.845, 0.531, -0.977, -0.053, 0.205), CFrame.new(49.331, 31.593, 8.11, 0.201, -0.533, 0.822, 0.066, 0.845, 0.531, -0.977, -0.053, 0.205), CFrame.new(49.33, 31.59, 8.124, 0.201, -0.533, 0.822, 0.066, 0.845, 0.531, -0.977, -0.053, 0.205), CFrame.new(49.329, 31.587, 8.139, 0.201, -0.533, 0.822, 0.066, 0.845, 0.531, -0.977, -0.053, 0.205), CFrame.new(49.328, 31.584, 8.154, 0.202, -0.533, 0.822, 0.066, 0.845, 0.531, -0.977, -0.053, 0.205), CFrame.new(49.328, 31.581, 8.169, 0.202, -0.533, 0.822, 0.066, 0.845, 0.531, -0.977, -0.053, 0.205), CFrame.new(49.327, 31.578, 8.184, 0.202, -0.533, 0.822, 0.066, 0.845, 0.531, -0.977, -0.053, 0.205), CFrame.new(49.326, 31.575, 8.198, 0.202, -0.533, 0.822, 0.066, 0.845, 0.531, -0.977, -0.053, 0.206), CFrame.new(49.325, 31.572, 8.213, 0.202, -0.533, 0.822, 0.066, 0.845, 0.531, -0.977, -0.053, 0.206), CFrame.new(49.324, 31.57, 8.228, 0.202, -0.533, 0.822, 0.066, 0.845, 0.531, -0.977, -0.053, 0.206), CFrame.new(49.324, 31.567, 8.243, 0.202, -0.533, 0.822, 0.066, 0.845, 0.531, -0.977, -0.053, 0.206), CFrame.new(49.323, 31.564, 8.257, 0.202, -0.533, 0.822, 0.066, 0.845, 0.531, -0.977, -0.053, 0.206), CFrame.new(49.322, 31.561, 8.272, 0.202, -0.533, 0.822, 0.066, 0.845, 0.531, -0.977, -0.053, 0.206), CFrame.new(49.321, 31.558, 8.287, 0.202, -0.533, 0.822, 0.066, 0.845, 0.531, -0.977, -0.053, 0.206), CFrame.new(49.321, 31.555, 8.302, 0.202, -0.533, 0.822, 0.066, 0.845, 0.531, -0.977, -0.053, 0.206), CFrame.new(49.32, 31.552, 8.317, 0.202, -0.533, 0.822, 0.066, 0.845, 0.531, -0.977, -0.053, 0.206), CFrame.new(49.319, 31.549, 8.331, 0.202, -0.533, 0.822, 0.066, 0.845, 0.531, -0.977, -0.053, 0.206), CFrame.new(49.318, 31.546, 8.346, 0.202, -0.533, 0.822, 0.066, 0.845, 0.531, -0.977, -0.053, 0.206), CFrame.new(49.318, 31.543, 8.361, 0.202, -0.533, 0.822, 0.066, 0.845, 0.531, -0.977, -0.053, 0.206), CFrame.new(49.317, 31.54, 8.376, 0.203, -0.533, 0.822, 0.066, 0.845, 0.531, -0.977, -0.053, 0.206), CFrame.new(49.316, 31.537, 8.391, 0.203, -0.533, 0.822, 0.066, 0.845, 0.531, -0.977, -0.053, 0.206), CFrame.new(49.315, 31.534, 8.405, 0.203, -0.533, 0.822, 0.066, 0.845, 0.531, -0.977, -0.053, 0.206), CFrame.new(49.314, 31.531, 8.42, 0.203, -0.533, 0.822, 0.066, 0.845, 0.531, -0.977, -0.054, 0.206), CFrame.new(49.314, 31.529, 8.435, 0.203, -0.533, 0.822, 0.066, 0.845, 0.531, -0.977, -0.054, 0.206), CFrame.new(49.313, 31.526, 8.45, 0.203, -0.533, 0.822, 0.066, 0.845, 0.531, -0.977, -0.054, 0.207), CFrame.new(49.312, 31.523, 8.464, 0.203, -0.533, 0.822, 0.066, 0.845, 0.531, -0.977, -0.054, 0.207), CFrame.new(49.311, 31.52, 8.479, 0.203, -0.533, 0.822, 0.066, 0.845, 0.531, -0.977, -0.054, 0.207), CFrame.new(49.311, 31.517, 8.494, 0.203, -0.533, 0.822, 0.066, 0.845, 0.531, -0.977, -0.054, 0.207), CFrame.new(49.31, 31.514, 8.509, 0.203, -0.533, 0.822, 0.066, 0.845, 0.531, -0.977, -0.054, 0.207), CFrame.new(49.309, 31.511, 8.524, 0.203, -0.533, 0.822, 0.066, 0.845, 0.531, -0.977, -0.054, 0.207), CFrame.new(49.308, 31.508, 8.538, 0.203, -0.533, 0.822, 0.066, 0.845, 0.531, -0.977, -0.054, 0.207), CFrame.new(49.308, 31.505, 8.553, 0.203, -0.533, 0.821, 0.066, 0.845, 0.531, -0.977, -0.054, 0.207), CFrame.new(49.307, 31.502, 8.568, 0.203, -0.533, 0.821, 0.066, 0.845, 0.531, -0.977, -0.054, 0.207), CFrame.new(49.306, 31.499, 8.583, 0.203, -0.533, 0.821, 0.066, 0.845, 0.531, -0.977, -0.054, 0.207), CFrame.new(49.305, 31.496, 8.598, 0.204, -0.533, 0.821, 0.066, 0.845, 0.531, -0.977, -0.054, 0.207), CFrame.new(49.304, 31.493, 8.612, 0.204, -0.533, 0.821, 0.066, 0.845, 0.531, -0.977, -0.054, 0.207), CFrame.new(49.304, 31.491, 8.627, 0.204, -0.533, 0.821, 0.066, 0.845, 0.531, -0.977, -0.054, 0.207), CFrame.new(49.303, 31.488, 8.642, 0.204, -0.533, 0.821, 0.066, 0.845, 0.531, -0.977, -0.054, 0.207), CFrame.new(49.302, 31.485, 8.657, 0.204, -0.533, 0.821, 0.066, 0.845, 0.531, -0.977, -0.054, 0.207), CFrame.new(49.301, 31.482, 8.671, 0.204, -0.533, 0.821, 0.066, 0.845, 0.531, -0.977, -0.054, 0.207), CFrame.new(49.301, 31.479, 8.686, 0.204, -0.533, 0.821, 0.066, 0.845, 0.531, -0.977, -0.054, 0.207), CFrame.new(49.3, 31.476, 8.701, 0.204, -0.533, 0.821, 0.066, 0.845, 0.531, -0.977, -0.054, 0.207), CFrame.new(49.299, 31.473, 8.716, 0.204, -0.533, 0.821, 0.066, 0.845, 0.531, -0.977, -0.054, 0.208), CFrame.new(49.298, 31.47, 8.731, 0.204, -0.533, 0.821, 0.066, 0.845, 0.531, -0.977, -0.054, 0.208), CFrame.new(49.298, 31.467, 8.745, 0.204, -0.533, 0.821, 0.066, 0.845, 0.531, -0.977, -0.054, 0.208), CFrame.new(49.297, 31.464, 8.76, 0.204, -0.533, 0.821, 0.066, 0.845, 0.531, -0.977, -0.054, 0.208), CFrame.new(49.296, 31.461, 8.775, 0.204, -0.533, 0.821, 0.066, 0.845, 0.531, -0.977, -0.054, 0.208), CFrame.new(49.295, 31.458, 8.79, 0.204, -0.533, 0.821, 0.066, 0.845, 0.531, -0.977, -0.054, 0.208), CFrame.new(49.294, 31.455, 8.804, 0.205, -0.533, 0.821, 0.066, 0.845, 0.531, -0.977, -0.054, 0.208), CFrame.new(49.294, 31.452, 8.819, 0.205, -0.533, 0.821, 0.066, 0.845, 0.531, -0.977, -0.055, 0.208), CFrame.new(49.293, 31.45, 8.834, 0.205, -0.533, 0.821, 0.066, 0.845, 0.531, -0.977, -0.055, 0.208), CFrame.new(49.292, 31.447, 8.849, 0.205, -0.533, 0.821, 0.066, 0.845, 0.531, -0.977, -0.055, 0.208), CFrame.new(49.291, 31.444, 8.864, 0.205, -0.533, 0.821, 0.066, 0.845, 0.531, -0.977, -0.055, 0.208), CFrame.new(49.291, 31.441, 8.878, 0.205, -0.533, 0.821, 0.066, 0.845, 0.531, -0.977, -0.055, 0.208), CFrame.new(49.29, 31.438, 8.893, 0.205, -0.533, 0.821, 0.066, 0.845, 0.531, -0.977, -0.055, 0.208), CFrame.new(49.289, 31.435, 8.908, 0.205, -0.533, 0.821, 0.066, 0.845, 0.531, -0.977, -0.055, 0.208), CFrame.new(49.288, 31.432, 8.923, 0.205, -0.533, 0.821, 0.066, 0.845, 0.531, -0.977, -0.055, 0.208), CFrame.new(49.288, 31.429, 8.938, 0.205, -0.533, 0.821, 0.066, 0.845, 0.531, -0.977, -0.055, 0.208), CFrame.new(49.287, 31.426, 8.952, 0.205, -0.533, 0.821, 0.066, 0.845, 0.531, -0.976, -0.055, 0.208), CFrame.new(49.286, 31.423, 8.967, 0.205, -0.533, 0.821, 0.066, 0.845, 0.531, -0.976, -0.055, 0.209), CFrame.new(49.285, 31.42, 8.982, 0.205, -0.533, 0.821, 0.066, 0.845, 0.531, -0.976, -0.055, 0.209), CFrame.new(49.284, 31.417, 8.997, 0.205, -0.533, 0.821, 0.066, 0.845, 0.531, -0.976, -0.055, 0.209), CFrame.new(49.284, 31.414, 9.011, 0.205, -0.533, 0.821, 0.066, 0.845, 0.531, -0.976, -0.055, 0.209), CFrame.new(49.283, 31.412, 9.026, 0.206, -0.533, 0.821, 0.066, 0.845, 0.531, -0.976, -0.055, 0.209), CFrame.new(49.282, 31.409, 9.041, 0.206, -0.533, 0.821, 0.066, 0.845, 0.531, -0.976, -0.055, 0.209), CFrame.new(49.281, 31.406, 9.056, 0.206, -0.533, 0.821, 0.066, 0.845, 0.531, -0.976, -0.055, 0.209), CFrame.new(49.281, 31.403, 9.071, 0.206, -0.533, 0.821, 0.066, 0.845, 0.531, -0.976, -0.055, 0.209), CFrame.new(49.28, 31.4, 9.085, 0.206, -0.533, 0.821, 0.066, 0.845, 0.531, -0.976, -0.055, 0.209), CFrame.new(49.279, 31.397, 9.1, 0.206, -0.533, 0.821, 0.066, 0.845, 0.531, -0.976, -0.055, 0.209), CFrame.new(49.278, 31.394, 9.115, 0.206, -0.533, 0.821, 0.066, 0.845, 0.531, -0.976, -0.055, 0.209), CFrame.new(49.278, 31.391, 9.13, 0.206, -0.533, 0.821, 0.066, 0.845, 0.531, -0.976, -0.055, 0.209), CFrame.new(49.277, 31.388, 9.145, 0.206, -0.533, 0.821, 0.066, 0.845, 0.531, -0.976, -0.055, 0.209), CFrame.new(49.276, 31.385, 9.159, 0.206, -0.533, 0.821, 0.066, 0.845, 0.531, -0.976, -0.055, 0.209), CFrame.new(49.275, 31.382, 9.174, 0.206, -0.533, 0.821, 0.066, 0.845, 0.531, -0.976, -0.055, 0.209), CFrame.new(49.275, 31.379, 9.189, 0.206, -0.533, 0.821, 0.066, 0.845, 0.531, -0.976, -0.055, 0.209), CFrame.new(49.274, 31.376, 9.204, 0.206, -0.533, 0.821, 0.066, 0.845, 0.531, -0.976, -0.055, 0.209), CFrame.new(49.273, 31.373, 9.218, 0.206, -0.533, 0.821, 0.066, 0.845, 0.531, -0.976, -0.056, 0.209), CFrame.new(49.272, 31.371, 9.233, 0.207, -0.533, 0.821, 0.066, 0.845, 0.531, -0.976, -0.056, 0.21), CFrame.new(49.271, 31.368, 9.248, 0.207, -0.533, 0.821, 0.066, 0.845, 0.531, -0.976, -0.056, 0.21), CFrame.new(49.271, 31.365, 9.263, 0.207, -0.533, 0.821, 0.066, 0.845, 0.531, -0.976, -0.056, 0.21), CFrame.new(49.27, 31.362, 9.278, 0.207, -0.533, 0.821, 0.066, 0.845, 0.531, -0.976, -0.056, 0.21), CFrame.new(49.269, 31.359, 9.292, 0.207, -0.533, 0.821, 0.066, 0.845, 0.531, -0.976, -0.056, 0.21), CFrame.new(49.268, 31.356, 9.307, 0.207, -0.533, 0.821, 0.066, 0.845, 0.531, -0.976, -0.056, 0.21), CFrame.new(49.268, 31.353, 9.322, 0.207, -0.533, 0.821, 0.066, 0.845, 0.531, -0.976, -0.056, 0.21), CFrame.new(49.267, 31.35, 9.337, 0.207, -0.533, 0.821, 0.066, 0.845, 0.531, -0.976, -0.056, 0.21), CFrame.new(49.266, 31.347, 9.352, 0.207, -0.533, 0.821, 0.066, 0.845, 0.531, -0.976, -0.056, 0.21), CFrame.new(49.265, 31.344, 9.366, 0.207, -0.533, 0.821, 0.066, 0.845, 0.531, -0.976, -0.056, 0.21), CFrame.new(49.265, 31.341, 9.381, 0.207, -0.532, 0.821, 0.066, 0.845, 0.531, -0.976, -0.056, 0.21), CFrame.new(49.264, 31.338, 9.396, 0.207, -0.532, 0.821, 0.066, 0.845, 0.531, -0.976, -0.056, 0.21), CFrame.new(49.263, 31.335, 9.411, 0.207, -0.532, 0.821, 0.066, 0.845, 0.531, -0.976, -0.056, 0.21), CFrame.new(49.262, 31.333, 9.425, 0.207, -0.532, 0.821, 0.066, 0.845, 0.531, -0.976, -0.056, 0.21), CFrame.new(49.261, 31.33, 9.44, 0.207, -0.532, 0.821, 0.066, 0.845, 0.531, -0.976, -0.056, 0.21), CFrame.new(49.261, 31.327, 9.455, 0.208, -0.532, 0.821, 0.066, 0.845, 0.531, -0.976, -0.056, 0.21), CFrame.new(49.26, 31.324, 9.47, 0.208, -0.532, 0.821, 0.066, 0.845, 0.531, -0.976, -0.056, 0.21), CFrame.new(49.259, 31.321, 9.485, 0.208, -0.532, 0.821, 0.066, 0.845, 0.531, -0.976, -0.056, 0.211), CFrame.new(49.258, 31.318, 9.499, 0.208, -0.532, 0.821, 0.066, 0.845, 0.531, -0.976, -0.056, 0.211), CFrame.new(49.258, 31.315, 9.514, 0.208, -0.532, 0.821, 0.066, 0.845, 0.531, -0.976, -0.056, 0.211), CFrame.new(49.257, 31.312, 9.529, 0.208, -0.532, 0.821, 0.066, 0.845, 0.531, -0.976, -0.056, 0.211), CFrame.new(49.256, 31.309, 9.544, 0.208, -0.532, 0.821, 0.066, 0.845, 0.531, -0.976, -0.056, 0.211), CFrame.new(49.255, 31.306, 9.558, 0.208, -0.532, 0.821, 0.066, 0.845, 0.531, -0.976, -0.056, 0.211), CFrame.new(49.255, 31.303, 9.573, 0.208, -0.532, 0.82, 0.066, 0.845, 0.531, -0.976, -0.056, 0.211), CFrame.new(49.254, 31.3, 9.588, 0.208, -0.532, 0.82, 0.066, 0.845, 0.531, -0.976, -0.056, 0.211), CFrame.new(49.253, 31.297, 9.603, 0.208, -0.532, 0.82, 0.066, 0.845, 0.531, -0.976, -0.056, 0.211), CFrame.new(49.252, 31.295, 9.618, 0.208, -0.532, 0.82, 0.066, 0.845, 0.531, -0.976, -0.057, 0.211), CFrame.new(49.251, 31.292, 9.632, 0.208, -0.532, 0.82, 0.066, 0.845, 0.531, -0.976, -0.057, 0.211), CFrame.new(49.251, 31.289, 9.647, 0.208, -0.532, 0.82, 0.066, 0.845, 0.531, -0.976, -0.057, 0.211), CFrame.new(49.25, 31.286, 9.662, 0.208, -0.532, 0.82, 0.066, 0.845, 0.531, -0.976, -0.057, 0.211), CFrame.new(32.412, 13.254, 6.309, 0.435, -0.059, 0.898, 0.138, 0.99, -0.001, -0.89, 0.124, 0.439), CFrame.new(15.573, -4.777, 2.955, 0.643, 0.372, 0.67, 0.069, 0.843, -0.534, -0.763, 0.389, 0.516), CFrame.new(15.573, -4.777, 2.931, 0.643, 0.372, 0.67, 0.069, 0.843, -0.534, -0.763, 0.39, 0.516), CFrame.new(15.573, -4.777, 2.906, 0.643, 0.371, 0.67, 0.07, 0.843, -0.534, -0.763, 0.39, 0.516), CFrame.new(15.574, -4.776, 2.886, 0.643, 0.371, 0.67, 0.07, 0.843, -0.534, -0.763, 0.39, 0.516), CFrame.new(15.574, -4.775, 2.865, 0.643, 0.371, 0.67, 0.071, 0.843, -0.534, -0.763, 0.391, 0.516), CFrame.new(15.574, -4.773, 2.847, 0.643, 0.371, 0.67, 0.071, 0.843, -0.534, -0.763, 0.391, 0.515), CFrame.new(15.575, -4.771, 2.83, 0.643, 0.37, 0.67, 0.071, 0.843, -0.534, -0.763, 0.391, 0.515), CFrame.new(15.576, -4.769, 2.815, 0.643, 0.37, 0.671, 0.072, 0.843, -0.534, -0.763, 0.391, 0.515), CFrame.new(15.576, -4.767, 2.801, 0.643, 0.37, 0.671, 0.072, 0.843, -0.534, -0.763, 0.392, 0.515), CFrame.new(15.577, -4.764, 2.789, 0.643, 0.37, 0.671, 0.073, 0.843, -0.534, -0.763, 0.392, 0.515), CFrame.new(15.578, -4.762, 2.777, 0.643, 0.369, 0.671, 0.073, 0.843, -0.533, -0.763, 0.392, 0.515), CFrame.new(15.579, -4.759, 2.768, 0.642, 0.369, 0.672, 0.073, 0.843, -0.533, -0.763, 0.392, 0.514), CFrame.new(15.581, -4.756, 2.758, 0.642, 0.369, 0.672, 0.074, 0.843, -0.533, -0.763, 0.392, 0.514), CFrame.new(15.582, -4.753, 2.751, 0.642, 0.369, 0.672, 0.074, 0.843, -0.533, -0.763, 0.392, 0.514), CFrame.new(15.583, -4.749, 2.744, 0.642, 0.368, 0.672, 0.074, 0.843, -0.533, -0.763, 0.392, 0.514), CFrame.new(15.585, -4.746, 2.738, 0.642, 0.368, 0.673, 0.075, 0.843, -0.532, -0.763, 0.392, 0.514), CFrame.new(15.587, -4.742, 2.733, 0.642, 0.368, 0.673, 0.075, 0.843, -0.532, -0.763, 0.392, 0.513), CFrame.new(15.589, -4.739, 2.729, 0.641, 0.368, 0.673, 0.075, 0.843, -0.532, -0.764, 0.392, 0.513), CFrame.new(15.591, -4.735, 2.725, 0.641, 0.367, 0.674, 0.075, 0.843, -0.532, -0.764, 0.392, 0.513), CFrame.new(15.593, -4.732, 2.722, 0.641, 0.367, 0.674, 0.076, 0.844, -0.532, -0.764, 0.392, 0.513), CFrame.new(15.595, -4.728, 2.719, 0.641, 0.367, 0.674, 0.076, 0.844, -0.531, -0.764, 0.392, 0.513), CFrame.new(15.598, -4.724, 2.717, 0.641, 0.367, 0.674, 0.076, 0.844, -0.531, -0.764, 0.392, 0.513), CFrame.new(15.601, -4.721, 2.715, 0.64, 0.367, 0.675, 0.076, 0.844, -0.531, -0.764, 0.392, 0.513), CFrame.new(15.603, -4.717, 2.714, 0.64, 0.367, 0.675, 0.076, 0.844, -0.531, -0.764, 0.392, 0.512), CFrame.new(15.606, -4.714, 2.713, 0.64, 0.367, 0.675, 0.076, 0.844, -0.531, -0.764, 0.391, 0.512), CFrame.new(15.609, -4.711, 2.712, 0.64, 0.367, 0.675, 0.077, 0.844, -0.531, -0.765, 0.391, 0.512), CFrame.new(15.613, -4.707, 2.711, 0.64, 0.367, 0.675, 0.077, 0.844, -0.531, -0.765, 0.391, 0.512), CFrame.new(15.616, -4.704, 2.71, 0.64, 0.367, 0.676, 0.077, 0.844, -0.531, -0.765, 0.391, 0.512), CFrame.new(15.62, -4.701, 2.709, 0.64, 0.367, 0.676, 0.077, 0.844, -0.531, -0.765, 0.391, 0.512), CFrame.new(15.623, -4.699, 2.707, 0.639, 0.367, 0.676, 0.077, 0.844, -0.531, -0.765, 0.391, 0.512), CFrame.new(15.627, -4.696, 2.706, 0.639, 0.367, 0.676, 0.076, 0.844, -0.531, -0.765, 0.391, 0.512), CFrame.new(15.631, -4.694, 2.705, 0.639, 0.368, 0.676, 0.076, 0.844, -0.531, -0.765, 0.391, 0.511), CFrame.new(15.635, -4.692, 2.703, 0.639, 0.368, 0.676, 0.076, 0.844, -0.531, -0.766, 0.39, 0.511), CFrame.new(15.639, -4.69, 2.701, 0.639, 0.369, 0.675, 0.075, 0.844, -0.531, -0.766, 0.39, 0.511), CFrame.new(15.643, -4.688, 2.699, 0.639, 0.369, 0.675, 0.074, 0.844, -0.532, -0.766, 0.389, 0.511), CFrame.new(15.647, -4.686, 2.698, 0.638, 0.37, 0.675, 0.073, 0.844, -0.532, -0.766, 0.389, 0.512), CFrame.new(15.651, -4.685, 2.696, 0.638, 0.371, 0.674, 0.072, 0.843, -0.532, -0.767, 0.388, 0.512), CFrame.new(15.655, -4.683, 2.694, 0.638, 0.372, 0.674, 0.071, 0.843, -0.533, -0.767, 0.388, 0.512), CFrame.new(15.659, -4.682, 2.692, 0.638, 0.373, 0.674, 0.07, 0.843, -0.533, -0.767, 0.387, 0.512), CFrame.new(15.662, -4.681, 2.69, 0.638, 0.374, 0.673, 0.069, 0.843, -0.533, -0.767, 0.386, 0.512), CFrame.new(15.665, -4.68, 2.687, 0.637, 0.375, 0.673, 0.067, 0.843, -0.534, -0.768, 0.386, 0.512), CFrame.new(15.668, -4.68, 2.685, 0.637, 0.376, 0.673, 0.066, 0.843, -0.534, -0.768, 0.385, 0.512), CFrame.new(15.671, -4.679, 2.683, 0.637, 0.377, 0.672, 0.065, 0.843, -0.535, -0.768, 0.384, 0.512), CFrame.new(15.673, -4.679, 2.681, 0.637, 0.378, 0.672, 0.064, 0.842, -0.535, -0.769, 0.383, 0.512), CFrame.new(15.675, -4.678, 2.679, 0.636, 0.38, 0.672, 0.063, 0.842, -0.535, -0.769, 0.383, 0.512), CFrame.new(15.676, -4.678, 2.677, 0.636, 0.38, 0.671, 0.061, 0.842, -0.536, -0.769, 0.382, 0.512), CFrame.new(15.678, -4.678, 2.675, 0.636, 0.381, 0.671, 0.06, 0.842, -0.536, -0.769, 0.381, 0.513), CFrame.new(15.678, -4.68, 2.674, 0.636, 0.382, 0.671, 0.059, 0.842, -0.536, -0.77, 0.381, 0.513), CFrame.new(15.679, -4.681, 2.672, 0.636, 0.383, 0.67, 0.059, 0.842, -0.536, -0.77, 0.38, 0.513), CFrame.new(15.68, -4.686, 2.67, 0.635, 0.384, 0.67, 0.058, 0.842, -0.537, -0.77, 0.38, 0.513), CFrame.new(15.681, -4.69, 2.668, 0.635, 0.384, 0.67, 0.057, 0.842, -0.537, -0.77, 0.379, 0.513), CFrame.new(15.681, -4.696, 2.667, 0.635, 0.385, 0.67, 0.056, 0.842, -0.537, -0.77, 0.379, 0.513), CFrame.new(15.682, -4.702, 2.665, 0.635, 0.385, 0.67, 0.056, 0.842, -0.537, -0.771, 0.378, 0.513), CFrame.new(15.683, -4.709, 2.664, 0.635, 0.386, 0.669, 0.055, 0.842, -0.537, -0.771, 0.378, 0.513), CFrame.new(15.683, -4.716, 2.662, 0.635, 0.386, 0.669, 0.055, 0.841, -0.537, -0.771, 0.378, 0.513), CFrame.new(15.684, -4.724, 2.661, 0.635, 0.387, 0.669, 0.054, 0.841, -0.538, -0.771, 0.378, 0.513), CFrame.new(15.684, -4.731, 2.66, 0.634, 0.387, 0.669, 0.054, 0.841, -0.538, -0.771, 0.377, 0.513), CFrame.new(15.685, -4.738, 2.659, 0.634, 0.387, 0.669, 0.054, 0.841, -0.538, -0.771, 0.377, 0.513), CFrame.new(15.686, -4.746, 2.657, 0.634, 0.387, 0.669, 0.054, 0.841, -0.538, -0.771, 0.377, 0.513), CFrame.new(15.686, -4.752, 2.656, 0.634, 0.388, 0.669, 0.053, 0.841, -0.538, -0.771, 0.377, 0.513), CFrame.new(15.686, -4.758, 2.655, 0.634, 0.388, 0.669, 0.053, 0.841, -0.538, -0.772, 0.377, 0.513), CFrame.new(15.687, -4.762, 2.654, 0.634, 0.388, 0.669, 0.053, 0.841, -0.538, -0.772, 0.377, 0.513), CFrame.new(15.687, -4.766, 2.653, 0.634, 0.388, 0.669, 0.053, 0.841, -0.538, -0.772, 0.376, 0.512), CFrame.new(15.688, -4.767, 2.652, 0.633, 0.388, 0.669, 0.053, 0.841, -0.538, -0.772, 0.376, 0.512), CFrame.new(15.688, -4.769, 2.651, 0.633, 0.388, 0.67, 0.053, 0.841, -0.538, -0.772, 0.376, 0.512), CFrame.new(15.688, -4.769, 2.65, 0.633, 0.388, 0.67, 0.053, 0.841, -0.538, -0.772, 0.376, 0.512), CFrame.new(15.689, -4.769, 2.65, 0.633, 0.388, 0.67, 0.053, 0.841, -0.538, -0.772, 0.376, 0.512), CFrame.new(15.689, -4.769, 2.649, 0.633, 0.388, 0.67, 0.054, 0.841, -0.538, -0.772, 0.376, 0.512), CFrame.new(15.689, -4.769, 2.648, 0.633, 0.388, 0.67, 0.054, 0.841, -0.538, -0.772, 0.376, 0.511), CFrame.new(15.689, -4.769, 2.647, 0.633, 0.387, 0.671, 0.054, 0.841, -0.538, -0.772, 0.377, 0.511), CFrame.new(15.69, -4.769, 2.647, 0.633, 0.387, 0.671, 0.055, 0.842, -0.537, -0.773, 0.377, 0.511), CFrame.new(15.69, -4.769, 2.646, 0.632, 0.387, 0.671, 0.055, 0.842, -0.537, -0.773, 0.377, 0.511), CFrame.new(15.69, -4.769, 2.646, 0.632, 0.386, 0.671, 0.056, 0.842, -0.537, -0.773, 0.377, 0.511), CFrame.new(15.69, -4.769, 2.645, 0.632, 0.386, 0.672, 0.056, 0.842, -0.537, -0.773, 0.377, 0.51), CFrame.new(15.691, -4.769, 2.644, 0.632, 0.386, 0.672, 0.057, 0.842, -0.537, -0.773, 0.378, 0.51), CFrame.new(15.691, -4.769, 2.644, 0.632, 0.385, 0.673, 0.058, 0.842, -0.536, -0.773, 0.378, 0.51), CFrame.new(15.691, -4.768, 2.644, 0.632, 0.385, 0.673, 0.058, 0.842, -0.536, -0.773, 0.378, 0.51), CFrame.new(15.691, -4.768, 2.643, 0.632, 0.384, 0.673, 0.059, 0.842, -0.536, -0.773, 0.378, 0.509), CFrame.new(15.691, -4.768, 2.643, 0.632, 0.384, 0.674, 0.06, 0.842, -0.536, -0.773, 0.379, 0.509), CFrame.new(15.691, -4.768, 2.642, 0.631, 0.383, 0.674, 0.061, 0.842, -0.535, -0.773, 0.379, 0.509), CFrame.new(15.692, -4.768, 2.642, 0.631, 0.382, 0.675, 0.061, 0.843, -0.535, -0.773, 0.379, 0.508), CFrame.new(15.692, -4.768, 2.642, 0.631, 0.382, 0.675, 0.062, 0.843, -0.535, -0.773, 0.38, 0.508), CFrame.new(15.692, -4.768, 2.641, 0.631, 0.381, 0.676, 0.063, 0.843, -0.534, -0.773, 0.38, 0.508), CFrame.new(15.692, -4.767, 2.641, 0.631, 0.381, 0.676, 0.064, 0.843, -0.534, -0.773, 0.38, 0.508), CFrame.new(15.692, -4.767, 2.641, 0.631, 0.38, 0.676, 0.065, 0.843, -0.534, -0.773, 0.381, 0.507), CFrame.new(15.692, -4.767, 2.64, 0.631, 0.379, 0.677, 0.065, 0.843, -0.534, -0.773, 0.381, 0.507), CFrame.new(15.692, -4.767, 2.64, 0.631, 0.379, 0.677, 0.066, 0.843, -0.533, -0.773, 0.381, 0.507), CFrame.new(15.692, -4.767, 2.64, 0.631, 0.378, 0.678, 0.067, 0.843, -0.533, -0.773, 0.382, 0.507), CFrame.new(15.692, -4.766, 2.64, 0.631, 0.378, 0.678, 0.068, 0.844, -0.533, -0.773, 0.382, 0.506), CFrame.new(15.692, -4.766, 2.64, 0.63, 0.377, 0.679, 0.069, 0.844, -0.532, -0.773, 0.382, 0.506), CFrame.new(15.693, -4.766, 2.639, 0.63, 0.376, 0.679, 0.069, 0.844, -0.532, -0.773, 0.382, 0.506), CFrame.new(15.693, -4.765, 2.639, 0.63, 0.376, 0.679, 0.07, 0.844, -0.532, -0.773, 0.383, 0.506), CFrame.new(15.693, -4.765, 2.639, 0.63, 0.375, 0.68, 0.071, 0.844, -0.532, -0.773, 0.383, 0.505), CFrame.new(15.693, -4.765, 2.639, 0.63, 0.375, 0.68, 0.071, 0.844, -0.531, -0.773, 0.383, 0.505), CFrame.new(15.693, -4.764, 2.639, 0.63, 0.375, 0.68, 0.072, 0.844, -0.531, -0.773, 0.383, 0.505), CFrame.new(15.693, -4.764, 2.639, 0.63, 0.374, 0.681, 0.072, 0.844, -0.531, -0.773, 0.384, 0.505), CFrame.new(15.693, -4.764, 2.638, 0.63, 0.374, 0.681, 0.073, 0.844, -0.531, -0.773, 0.384, 0.505), CFrame.new(15.693, -4.763, 2.638, 0.63, 0.373, 0.681, 0.073, 0.844, -0.531, -0.773, 0.384, 0.505), CFrame.new(15.693, -4.763, 2.638, 0.63, 0.373, 0.681, 0.074, 0.844, -0.53, -0.773, 0.384, 0.504), CFrame.new(15.693, -4.762, 2.638, 0.63, 0.373, 0.682, 0.074, 0.845, -0.53, -0.773, 0.385, 0.504), CFrame.new(15.693, -4.762, 2.638, 0.63, 0.372, 0.682, 0.075, 0.845, -0.53, -0.773, 0.385, 0.504), CFrame.new(15.693, -4.761, 2.638, 0.63, 0.372, 0.682, 0.075, 0.845, -0.53, -0.773, 0.385, 0.504), CFrame.new(15.694, -4.761, 2.638, 0.63, 0.372, 0.682, 0.075, 0.845, -0.53, -0.773, 0.385, 0.504), CFrame.new(15.694, -4.76, 2.638, 0.63, 0.372, 0.682, 0.076, 0.845, -0.53, -0.773, 0.385, 0.504), CFrame.new(15.694, -4.76, 2.637, 0.63, 0.371, 0.683, 0.076, 0.845, -0.53, -0.773, 0.385, 0.504), CFrame.new(15.694, -4.759, 2.637, 0.63, 0.371, 0.683, 0.076, 0.845, -0.53, -0.773, 0.385, 0.504), CFrame.new(15.694, -4.758, 2.637, 0.629, 0.371, 0.683, 0.077, 0.845, -0.529, -0.773, 0.386, 0.503), CFrame.new(15.694, -4.758, 2.637, 0.629, 0.371, 0.683, 0.077, 0.845, -0.529, -0.773, 0.386, 0.503), CFrame.new(15.694, -4.757, 2.637, 0.629, 0.37, 0.683, 0.077, 0.845, -0.529, -0.773, 0.386, 0.503), CFrame.new(15.695, -4.756, 2.637, 0.629, 0.37, 0.683, 0.077, 0.845, -0.529, -0.773, 0.386, 0.503), CFrame.new(15.695, -4.755, 2.637, 0.629, 0.37, 0.683, 0.078, 0.845, -0.529, -0.773, 0.386, 0.503), CFrame.new(15.695, -4.755, 2.637, 0.629, 0.37, 0.683, 0.078, 0.845, -0.529, -0.773, 0.386, 0.503), CFrame.new(15.695, -4.754, 2.637, 0.629, 0.37, 0.684, 0.078, 0.845, -0.529, -0.773, 0.386, 0.503), CFrame.new(15.696, -4.753, 2.636, 0.629, 0.37, 0.684, 0.078, 0.845, -0.529, -0.773, 0.386, 0.503), CFrame.new(15.696, -4.752, 2.636, 0.629, 0.37, 0.684, 0.078, 0.845, -0.529, -0.773, 0.386, 0.503), CFrame.new(15.696, -4.751, 2.636, 0.629, 0.369, 0.684, 0.078, 0.845, -0.529, -0.773, 0.386, 0.503), CFrame.new(15.697, -4.75, 2.636, 0.629, 0.369, 0.684, 0.078, 0.845, -0.529, -0.773, 0.386, 0.503), CFrame.new(15.697, -4.749, 2.636, 0.629, 0.369, 0.684, 0.079, 0.845, -0.529, -0.773, 0.386, 0.503), CFrame.new(15.698, -4.748, 2.636, 0.629, 0.369, 0.684, 0.079, 0.845, -0.529, -0.773, 0.386, 0.503), CFrame.new(15.698, -4.747, 2.635, 0.629, 0.369, 0.684, 0.079, 0.845, -0.529, -0.773, 0.386, 0.503), CFrame.new(15.699, -4.746, 2.635, 0.629, 0.369, 0.684, 0.079, 0.845, -0.529, -0.773, 0.386, 0.503), CFrame.new(15.699, -4.745, 2.635, 0.629, 0.369, 0.684, 0.079, 0.845, -0.528, -0.773, 0.387, 0.503), CFrame.new(15.7, -4.743, 2.635, 0.629, 0.369, 0.684, 0.079, 0.845, -0.528, -0.773, 0.387, 0.503), CFrame.new(15.7, -4.742, 2.634, 0.629, 0.369, 0.684, 0.079, 0.845, -0.528, -0.773, 0.387, 0.503), CFrame.new(15.701, -4.741, 2.634, 0.629, 0.369, 0.684, 0.079, 0.845, -0.528, -0.773, 0.387, 0.503), CFrame.new(15.702, -4.74, 2.634, 0.629, 0.369, 0.684, 0.079, 0.845, -0.528, -0.773, 0.387, 0.503), CFrame.new(15.702, -4.738, 2.634, 0.629, 0.369, 0.684, 0.079, 0.845, -0.528, -0.773, 0.387, 0.503), CFrame.new(15.703, -4.737, 2.633, 0.629, 0.369, 0.684, 0.079, 0.845, -0.528, -0.773, 0.387, 0.503), CFrame.new(15.704, -4.735, 2.633, 0.629, 0.369, 0.684, 0.079, 0.845, -0.528, -0.773, 0.387, 0.503), CFrame.new(15.705, -4.734, 2.633, 0.629, 0.369, 0.684, 0.079, 0.845, -0.528, -0.773, 0.387, 0.503), CFrame.new(15.705, -4.732, 2.632, 0.629, 0.369, 0.684, 0.079, 0.845, -0.528, -0.773, 0.387, 0.503), CFrame.new(15.706, -4.731, 2.632, 0.629, 0.368, 0.684, 0.079, 0.845, -0.528, -0.773, 0.387, 0.503), CFrame.new(15.707, -4.729, 2.632, 0.629, 0.368, 0.684, 0.079, 0.845, -0.528, -0.773, 0.387, 0.503), CFrame.new(15.708, -4.727, 2.631, 0.629, 0.368, 0.684, 0.079, 0.845, -0.528, -0.773, 0.387, 0.503), CFrame.new(15.709, -4.725, 2.631, 0.629, 0.368, 0.684, 0.079, 0.845, -0.528, -0.773, 0.387, 0.503), CFrame.new(15.71, -4.724, 2.63, 0.629, 0.368, 0.684, 0.079, 0.846, -0.528, -0.773, 0.387, 0.503), CFrame.new(15.712, -4.722, 2.63, 0.629, 0.368, 0.684, 0.079, 0.846, -0.528, -0.773, 0.387, 0.503), CFrame.new(15.713, -4.72, 2.629, 0.629, 0.368, 0.684, 0.079, 0.846, -0.528, -0.773, 0.387, 0.503), CFrame.new(15.714, -4.718, 2.629, 0.629, 0.368, 0.684, 0.079, 0.846, -0.528, -0.773, 0.387, 0.503), CFrame.new(15.715, -4.716, 2.628, 0.629, 0.368, 0.684, 0.079, 0.846, -0.528, -0.773, 0.387, 0.503), CFrame.new(15.717, -4.714, 2.628, 0.629, 0.368, 0.684, 0.079, 0.846, -0.528, -0.773, 0.387, 0.503), CFrame.new(15.718, -4.712, 2.627, 0.629, 0.368, 0.684, 0.079, 0.846, -0.528, -0.773, 0.387, 0.503), CFrame.new(15.72, -4.709, 2.626, 0.629, 0.368, 0.685, 0.079, 0.846, -0.528, -0.773, 0.387, 0.503), CFrame.new(15.721, -4.707, 2.626, 0.629, 0.368, 0.685, 0.08, 0.846, -0.528, -0.773, 0.387, 0.503), CFrame.new(15.723, -4.705, 2.625, 0.629, 0.368, 0.685, 0.08, 0.846, -0.528, -0.773, 0.387, 0.503), CFrame.new(15.724, -4.702, 2.624, 0.629, 0.368, 0.685, 0.08, 0.846, -0.528, -0.773, 0.387, 0.503), CFrame.new(15.726, -4.7, 2.623, 0.629, 0.368, 0.685, 0.08, 0.846, -0.528, -0.773, 0.387, 0.503), CFrame.new(15.728, -4.698, 2.623, 0.629, 0.368, 0.685, 0.08, 0.846, -0.528, -0.773, 0.387, 0.503), CFrame.new(15.73, -4.695, 2.622, 0.629, 0.368, 0.685, 0.08, 0.846, -0.528, -0.773, 0.387, 0.503), CFrame.new(15.732, -4.692, 2.621, 0.629, 0.368, 0.685, 0.08, 0.846, -0.528, -0.773, 0.387, 0.503), CFrame.new(15.733, -4.69, 2.62, 0.629, 0.368, 0.685, 0.08, 0.846, -0.528, -0.773, 0.387, 0.503), CFrame.new(15.736, -4.687, 2.619, 0.629, 0.368, 0.685, 0.08, 0.846, -0.528, -0.773, 0.387, 0.503), CFrame.new(15.738, -4.684, 2.618, 0.629, 0.368, 0.685, 0.08, 0.846, -0.528, -0.773, 0.387, 0.503), CFrame.new(15.74, -4.681, 2.617, 0.629, 0.368, 0.685, 0.08, 0.846, -0.528, -0.773, 0.387, 0.503), CFrame.new(15.742, -4.679, 2.616, 0.629, 0.368, 0.685, 0.08, 0.846, -0.528, -0.773, 0.387, 0.503), CFrame.new(15.744, -4.676, 2.615, 0.629, 0.368, 0.685, 0.08, 0.846, -0.528, -0.773, 0.387, 0.503), CFrame.new(15.747, -4.673, 2.614, 0.629, 0.368, 0.685, 0.08, 0.846, -0.528, -0.773, 0.387, 0.503), CFrame.new(15.749, -4.669, 2.613, 0.629, 0.368, 0.685, 0.08, 0.846, -0.528, -0.773, 0.387, 0.503), CFrame.new(15.752, -4.666, 2.612, 0.629, 0.368, 0.685, 0.08, 0.846, -0.528, -0.773, 0.387, 0.503), CFrame.new(25.474, 43.234, 1.238, 0.904, 0.14, 0.405, -0.328, 0.834, 0.444, -0.275, -0.534, 0.799), CFrame.new(35.197, 91.134, -0.136, 0.94, 0.342, 0, -0, -0, 1, 0.342, -0.94, -0), CFrame.new(35.227, 91.134, -0.136, 0.939, 0.343, 0, -0, -0, 1, 0.343, -0.939, -0), CFrame.new(35.257, 91.134, -0.136, 0.939, 0.343, 0, -0, -0, 1, 0.343, -0.939, -0), CFrame.new(35.287, 91.134, -0.136, 0.939, 0.343, 0, -0, -0, 1, 0.343, -0.939, -0), CFrame.new(35.317, 91.134, -0.136, 0.939, 0.343, 0, -0, -0, 1, 0.343, -0.939, -0), CFrame.new(35.348, 91.134, -0.136, 0.939, 0.343, 0, -0, -0, 1, 0.343, -0.939, -0), CFrame.new(35.378, 91.134, -0.136, 0.939, 0.344, 0, -0, -0, 1, 0.344, -0.939, -0), CFrame.new(35.408, 91.134, -0.136, 0.939, 0.344, 0, -0, -0, 1, 0.344, -0.939, -0), CFrame.new(35.438, 91.134, -0.136, 0.939, 0.344, 0, -0, -0, 1, 0.344, -0.939, -0), CFrame.new(35.468, 91.134, -0.136, 0.939, 0.344, 0, -0, -0, 1, 0.344, -0.939, -0), CFrame.new(35.499, 91.134, -0.136, 0.939, 0.344, 0, -0, -0, 1, 0.344, -0.939, -0), CFrame.new(35.529, 91.134, -0.136, 0.939, 0.344, 0, -0, -0, 1, 0.344, -0.939, -0), CFrame.new(35.559, 91.134, -0.136, 0.939, 0.345, 0, -0, -0, 1, 0.345, -0.939, -0), CFrame.new(35.589, 91.134, -0.136, 0.939, 0.345, 0, -0, -0, 1, 0.345, -0.939, -0), CFrame.new(35.619, 91.134, -0.136, 0.939, 0.345, 0, -0, -0, 1, 0.345, -0.939, -0), CFrame.new(35.65, 91.134, -0.136, 0.939, 0.345, 0, -0, -0, 1, 0.345, -0.939, -0), CFrame.new(35.68, 91.134, -0.136, 0.938, 0.345, 0, -0, -0, 1, 0.345, -0.938, -0), CFrame.new(35.71, 91.134, -0.136, 0.938, 0.346, 0, -0, -0, 1, 0.346, -0.938, -0), CFrame.new(35.74, 91.134, -0.136, 0.938, 0.346, 0, -0, -0, 1, 0.346, -0.938, -0), CFrame.new(35.77, 91.134, -0.136, 0.938, 0.346, 0, -0, -0, 1, 0.346, -0.938, -0), CFrame.new(35.801, 91.134, -0.136, 0.938, 0.346, 0, -0, -0, 1, 0.346, -0.938, -0), CFrame.new(35.831, 91.134, -0.136, 0.938, 0.346, 0, -0, -0, 1, 0.346, -0.938, -0), CFrame.new(35.861, 91.134, -0.136, 0.938, 0.347, 0, -0, -0, 1, 0.347, -0.938, -0), CFrame.new(35.891, 91.134, -0.136, 0.938, 0.347, 0, -0, -0, 1, 0.347, -0.938, -0), CFrame.new(35.921, 91.134, -0.136, 0.938, 0.347, 0, -0, -0, 1, 0.347, -0.938, -0), CFrame.new(35.951, 91.134, -0.136, 0.938, 0.347, 0, -0, -0, 1, 0.347, -0.938, -0), CFrame.new(35.982, 91.134, -0.136, 0.938, 0.347, 0, -0, -0, 1, 0.347, -0.938, -0), CFrame.new(36.012, 91.134, -0.136, 0.938, 0.347, 0, -0, -0, 1, 0.347, -0.938, -0), CFrame.new(36.042, 91.134, -0.136, 0.938, 0.348, 0, -0, -0, 1, 0.348, -0.938, -0), CFrame.new(36.072, 91.134, -0.136, 0.938, 0.348, 0, -0, -0, 1, 0.348, -0.938, -0), CFrame.new(36.102, 91.134, -0.136, 0.937, 0.348, 0, -0, -0, 1, 0.348, -0.937, -0), CFrame.new(36.133, 91.134, -0.136, 0.937, 0.348, 0, -0, -0, 1, 0.348, -0.937, -0), CFrame.new(36.163, 91.134, -0.136, 0.937